OBJECT_ID_1_1,RA_1_1,DEC_1_1,1_mag_0,1_mag_err_0,2_mag_0,2_mag_err_0,3_mag_0,3_mag_err_0,4_mag_0,4_mag_err_0
216627812425858432,56.1407693734367,31.9750797729372,13.831973,0.018952401,13.577941,0.019807892,13.367459,0.032985242,12.706921,0.067458851
216628838921440128,56.2821892581267,32.007567020369,12.31754,0.0093728302,12.28237,0.010867639,12.286043,0.016188741,12.374145,0.050563289
216628804562480384,56.2740604304079,31.9927630080344,14.453798,0.02540839,14.338624,0.028266291,14.313795,0.067797671,14.432412,0.31665575
216628980656955776,56.3064636087196,32.0222791074823,13.405345,0.015527001,13.44768,0.018643571,13.450848,0.03502308,13.478466,0.13363671
216629083736102400,56.2011061105702,31.9714244634263,14.789501,0.029822025,14.62698,0.032382736,14.494777,0.078519478,14.716182,0.41015149
216629113800122368,56.2168776493133,31.9736716722537,14.136262,0.021865548,13.949449,0.023554007,13.773234,0.044454801,13.553773,0.14297724
216629530412699008,56.2197107946229,32.0157006509174,13.883685,0.019417522,13.783607,0.021799411,13.739189,0.043327968,13.913161,0.19766409
216629869714526464,56.2726011917357,32.0522027883282,15.262393,0.037497153,14.714551,0.033753608,14.596044,0.085333236,14.175704,0.25074487
216629874010075776,56.2740247906534,32.0522264976992,13.158648,0.0138426,13.102908,0.015886387,13.05321,0.026489199,13.126914,0.097658885
216630144591496832,56.2558871077398,32.083816200326,12.199574,0.008875203,12.138505,0.010168952,12.117518,0.014639629,12.108904,0.04033942
216630080168504192,56.2632693014386,32.0681910277111,12.686273,0.011117498,12.666272,0.01297806,12.603209,0.019702395,12.725888,0.068586208
216630114528244480,56.2410190503904,32.0670977028137,14.711586,0.028729412,14.551039,0.031241244,14.388319,0.072000902,13.773788,0.17428639
216652517077767936,56.303230091304,32.0546279792078,14.140819,0.021912553,13.961147,0.023683126,13.774394,0.044493805,13.973114,0.20868043
216653341711378560,56.2831775621383,32.067199195413,11.295011,0.0058448819,11.26402,0.0067927016,11.145397,0.0085463213,11.286554,0.02062276
216653337414917888,56.281817795256,32.0607788580442,15.136009,0.035254428,15.074653,0.040070379,15.276725,0.15180678,15.20943,0.64391375
216654200704824064,56.3153678370707,32.1368267611398,13.041561,0.013109538,12.92849,0.014652876,12.953308,0.024759339,13.04487,0.090808949
216669555212321024,55.95400303741,31.9660664886,15.21825,0.036696469,15.124847,0.041046461,15.038694,0.12374355,15.179753,0.62665054
216669486492778624,55.9649645280314,31.9470341457721,14.112695,0.021624116,14.034116,0.024505097,13.927084,0.049993561,14.109859,0.23620359
216669658291208448,56.0008319442914,31.9727348631739,14.724618,0.028909139,14.586617,0.031770681,14.592332,0.085072234,14.735003,0.41725933
216672342646711168,55.8737183398558,31.969205861808,13.744596,0.018192471,13.761967,0.021580562,13.714932,0.042545524,13.779146,0.17513077
216672686244092928,55.97767504087,32.00829852496,13.744775,0.018193999,13.625362,0.020249945,13.578709,0.038448672,13.617559,0.15141129
216673476518076288,55.862440663876,32.0116239720283,15.106126,0.034745936,15.01189,0.038884736,14.923393,0.11219818,14.717634,0.41069552
216673678380015232,55.8902342765951,32.0292403072788,14.546628,0.026554708,14.412591,0.0292672,14.374062,0.071174673,14.813292,0.44818502
216673884538446720,55.86752393282,32.03313495417,11.963245,0.0079568841,11.531012,0.0076827517,11.27533,0.0091520387,10.847623,0.014754748
216674674813091072,56.0659744113383,31.9935537815995,15.035029,0.033568078,14.725063,0.033922233,14.374582,0.071204657,13.66827,0.15847891
216674576029703040,56.0764100428486,31.9634126433802,14.746167,0.029208959,14.740623,0.034173457,14.686045,0.091939042,14.942888,0.50454176
216674743532567296,56.1244943104932,31.9853014161812,14.879444,0.031139081,14.760598,0.034498842,14.674777,0.091082011,14.7328,0.41642092
216674816547870464,56.11878497334,31.99831367552,13.083054,0.013364691,12.857284,0.014177577,12.549079,0.019039755,12.144641,0.041576601
216674919625538048,56.1308120247353,32.0036473554265,12.247506,0.0090741018,11.772586,0.0085885199,11.409519,0.0098322192,10.8631,0.01492522
216674915331373440,56.1306249802657,32.0040742435841,12.25031,0.0090858769,11.764954,0.0085583253,11.405109,0.009808917,10.833709,0.014603447
216675160145252992,56.1217106497975,32.0210302431377,14.102754,0.021523118,13.821304,0.022186105,13.557316,0.037848604,13.187281,0.10303953
216675125785515136,56.1241769959996,32.0151669248891,14.273657,0.023330269,13.894479,0.022956923,13.420217,0.0342574,12.834379,0.075425981
216675155849611136,56.12555356287,32.02171724018,14.471287,0.025620278,14.237472,0.026954733,13.983632,0.052227699,13.164383,0.10096339
216675744260806784,56.0107611628281,32.0263778745157,14.07817,0.021275438,13.95402,0.02360438,13.963874,0.051434236,14.239042,0.2655895
216675843044378624,56.09400587643,32.02435705562,15.234689,0.03699241,15.010159,0.038852571,14.932949,0.11310944,15.096798,0.58082393
216675950419235840,56.0940449610662,32.031582256282,13.213395,0.014199557,13.123232,0.016036801,13.031752,0.026105413,12.754164,0.070303721
216675946123675648,56.0985232057793,32.0313076245285,14.074409,0.021237809,13.661583,0.020594371,13.254547,0.030449008,12.668121,0.065213041
216675946123594240,56.09458589656,32.02840714268,14.984191,0.032752525,14.765185,0.034574036,14.547662,0.081999579,14.147508,0.2444099
216676117921705984,56.0644802216583,32.0430881075172,11.960751,0.0079477208,11.807184,0.0087267406,11.673681,0.011358869,11.786923,0.030838005
216676190937404160,56.0484083817005,32.0536576587302,12.318333,0.0093762692,12.064854,0.0098289265,11.58946,0.010842681,10.905558,0.015404968
216676152281444480,56.03833742191,32.04381984544,13.132251,0.013673772,12.424024,0.011602799,11.716382,0.011632063,10.696589,0.013206905
216676328376452352,56.0740261322466,32.0799159572743,14.148121,0.021988091,14.082549,0.02506686,14.115129,0.057881631,14.318191,0.28539903
216676328376452224,56.0756682389579,32.0825093653392,11.490499,0.0063965791,11.398284,0.0072265526,11.132427,0.0084885106,10.791896,0.014159734
216676534534783488,56.1925970476107,32.0535278428315,15.058734,0.033955884,14.954242,0.037828682,15.062076,0.12623715,15.080221,0.57207879
216676568894523520,56.1754782413259,32.0493545351194,13.424269,0.015664562,13.441213,0.018587619,13.387795,0.033468753,13.564107,0.14431017
216676671973739392,56.1486531947702,32.0509893484639,13.525037,0.016418356,13.074831,0.015680941,12.646619,0.02025472,11.952516,0.035376191
216676878132165632,56.1608241832586,32.0851292451092,13.558386,0.016675929,13.46726,0.018814029,13.424755,0.034369555,13.356038,0.11976775
216676775052953216,56.1582195744203,32.058255281092,12.26937,0.0091663162,11.932708,0.0092472323,11.548826,0.010603882,10.775827,0.013993482
216676775052953600,56.16233501466,32.0554871673064,14.854121,0.030762052,14.51881,0.030769626,14.178294,0.060844116,13.548497,0.14230146
216676912491904128,56.208240503024,32.062630970327,13.355412,0.015169936,13.330482,0.017655622,13.262809,0.030626391,13.368708,0.12113163
216676981211381632,56.1863201572096,32.0673671259008,11.542868,0.0065530553,10.932868,0.0058309673,10.510624,0.0061834204,10.011867,0.0082341106
216676912491904512,56.2073907231038,32.0594477285447,14.368612,0.024402405,14.246104,0.027064148,14.212897,0.062539877,14.466136,0.32653105
216677114353881088,56.21701390966,32.0796349125708,14.870084,0.030999149,14.782172,0.034853966,14.763948,0.098111013,14.814645,0.44873913
216677153010066048,56.2337707268117,32.0990303292701,14.437245,0.025209539,14.380343,0.02882637,14.296178,0.066844796,14.431917,0.31651318
216677290449022592,56.1775437042653,32.1054077814157,14.046227,0.020958048,14.029195,0.02444875,13.8678,0.047769158,13.479069,0.13370895
216677359168494080,56.2239281735902,32.1144551398018,14.276068,0.023356868,14.146426,0.025828132,14.16931,0.060412418,14.538361,0.34874047
216677565326935808,56.1125699676837,32.0788050912203,13.37595,0.015315776,13.324055,0.017603004,13.264949,0.030672551,13.501637,0.13644199
216677530967199232,56.1023759105474,32.0658868231617,13.766279,0.018378068,13.674379,0.020717478,13.803466,0.045484329,14.520521,0.34311663
216677492310994816,56.1366528634446,32.0703538150357,14.777587,0.029652112,14.657303,0.032850684,14.743432,0.096442891,15.650784,0.96503417
216677530967198976,56.1109524422605,32.0662132476926,13.091364,0.013416396,13.020559,0.015291415,13.007869,0.025686246,13.12175,0.097212388
216677492311821568,56.1229873551236,32.0679234523642,15.145561,0.035418675,14.992699,0.038529736,14.82399,0.10317652,14.255522,0.26959581
216677668404928896,56.12995867451,32.09966595312,13.562271,0.016706202,12.955359,0.014836388,12.594555,0.019594551,12.178158,0.042774287
216677599686672512,56.1486912616368,32.0813300071945,14.910519,0.031608582,14.829235,0.035642101,14.593897,0.085182162,13.950686,0.20448784
216677698470254976,56.143513948535,32.1069747533009,14.415522,0.024951065,14.287684,0.027597712,14.128894,0.058512929,13.868348,0.18981771
216677595390211968,56.1431261622523,32.0727556093394,15.10869,0.034789254,15.026644,0.039160038,14.999021,0.11963285,14.263964,0.27167181
216677805843882496,56.0844746980917,32.0954988263595,14.997448,0.0329631,14.969425,0.038103832,14.705199,0.093416107,14.348229,0.29330295
216677840204841728,56.0928542419092,32.0952176342563,12.758713,0.011497102,12.563534,0.012375794,12.262374,0.015959219,11.525241,0.024923713
216677805845105408,56.0885592184265,32.0840293271101,13.764149,0.018359748,13.658487,0.020564697,13.664261,0.04096404,14.250096,0.26827004
216677908924314752,56.1318898903123,32.1148500894032,14.731987,0.029011294,14.596905,0.031925527,14.643778,0.088769288,15.177063,0.62510856
216677977643790848,56.11619015432,32.12543592823,13.43141,0.015716789,13.385132,0.018109505,13.288595,0.03118812,13.258734,0.10980678
216677977643791232,56.1186105405435,32.1229068405017,13.206089,0.014151382,13.19593,0.016586743,13.192327,0.029152511,13.561709,0.14399977
216677908924315776,56.1272395248831,32.1082841280659,14.059684,0.021091161,13.99561,0.024067747,14.111246,0.057704942,15.016643,0.5397494
216677908924315904,56.1299951457431,32.106149024747,10.22593,0.0035704519,10.682829,0.0051962669,10.378466,0.0057911325,10.41821,0.010833982
216677938988038528,56.0986390529432,32.112926615895,13.554979,0.016649422,13.423674,0.018436727,13.381289,0.033313144,13.479363,0.13374415
216677943284055808,56.1064684825792,32.1047458461891,13.149595,0.013784463,12.982407,0.015023471,12.777524,0.022041218,12.267185,0.046139772
216677874564578944,56.1237711470986,32.0978307170534,14.663055,0.02807057,14.591572,0.031845164,14.154315,0.059699624,13.462141,0.13169575
216678080723006464,56.1452940820304,32.1093674689797,12.796069,0.011697958,12.754189,0.01351688,12.696235,0.020909833,12.692655,0.066623779
216678012003529984,56.155822389077,32.1032764636081,13.406542,0.015535664,13.378023,0.018049797,13.328609,0.032084747,13.380533,0.12241901
216678115082741248,56.1634809917376,32.1265435695545,12.100554,0.0084781038,11.967503,0.0093969531,11.974093,0.013464389,12.246756,0.045343059
216678115082741632,56.1602051672827,32.12659998872,12.110358,0.0085166118,11.769809,0.0085775197,11.291927,0.0092330409,10.410195,0.010773683
216678046361699584,56.171711888431,32.1075459816969,15.191724,0.036224395,14.728797,0.033982338,14.766945,0.098357373,15.710056,1.0189756
216678076426514304,56.1539433088013,32.1126576207655,10.519857,0.0040883916,10.56484,0.0049212713,10.263972,0.0054736743,10.048079,0.008432018
216678110787115776,56.1554975654111,32.1197788182649,14.650993,0.027909333,14.518147,0.030759996,14.580321,0.084233777,14.847644,0.46247446
216678252521690624,56.1857402127688,32.1368188641186,12.841564,0.011947389,12.423927,0.011602279,12.080435,0.014323928,11.411771,0.022763681
216678252521690880,56.1809151126418,32.138127847707,13.401437,0.015498745,13.378709,0.018055551,13.188397,0.029072902,12.712145,0.067767427
216678149442477696,56.1814392159182,32.1283343144533,12.750443,0.011453105,12.657012,0.012922586,12.58756,0.019507908,12.416672,0.052446143
216678252521690368,56.1781566445145,32.1427133303111,13.811656,0.018772829,13.46616,0.018804412,13.104578,0.027436474,12.374561,0.050581389
216678213866423424,56.1712877792605,32.1354099292785,15.04027,0.033653408,14.84851,0.03597032,14.375197,0.071240074,13.670661,0.15882043
216678145146947712,56.1812925029145,32.1285979395122,12.749227,0.011446655,12.655479,0.012913427,12.56444,0.019224934,12.325759,0.048508463
216678389960646912,56.135759139955,32.145135249123,12.939315,0.012501728,12.882833,0.014346298,12.687844,0.020797215,12.374155,0.050563752
216678321241170304,56.1605747804231,32.1335202862816,12.556992,0.010471263,12.109484,0.010033578,11.895268,0.012868313,11.47065,0.023856888
216678321241170432,56.1578172335016,32.1344978653363,11.543366,0.0065545628,11.556236,0.0077726627,11.286035,0.0092041841,10.760904,0.013841165
216678355600912128,56.1262379195946,32.1285214185779,14.371091,0.024431079,14.288891,0.027613357,14.230645,0.063430364,14.359086,0.29621402
216677973347630592,56.1212772882507,32.130848082248,14.571535,0.026871524,14.523892,0.030843488,14.637776,0.088329012,16.757495,2.6678985
216678286879869056,56.1418318684951,32.1158626284196,14.585255,0.02704774,14.110516,0.025397274,13.657853,0.040769027,12.94391,0.083059017
216678385665110912,56.1364130797041,32.1437464084239,12.154071,0.0086904486,12.11162,0.01004348,12.02516,0.013868909,11.932455,0.034789253
216678286881434368,56.1459316660369,32.1269689703569,12.221538,0.008965795,12.188778,0.010407815,12.134552,0.014787553,12.137632,0.041330757
216678286881434240,56.1473519374492,32.12673440372,12.27889,0.0092067647,11.905115,0.0091302063,11.553567,0.010631409,10.923158,0.015609148
216678389960646400,56.1357085875727,32.148840186585,13.114722,0.013562819,12.950537,0.014803283,12.751878,0.021676233,12.312575,0.047964143
216678389960645888,56.1415817550955,32.1483818427754,13.235094,0.014343617,13.216095,0.016742653,13.055957,0.026538844,12.625094,0.062814313
216678389960647552,56.1313683748617,32.1458224273808,12.297607,0.009286811,12.248061,0.010696754,12.257851,0.015915823,12.380116,0.050823238
216678493039858688,56.1497720856877,32.1567519107722,14.832248,0.030440353,14.356349,0.028502854,13.821427,0.04610912,12.552005,0.058950674
216678458680119296,56.1631798605458,32.1550809150209,11.417521,0.0061847606,11.129763,0.0063849791,11.083814,0.0082758935,11.089599,0.017705609
216678493039860480,56.1477045731287,32.148999758034,13.905271,0.019615158,13.551097,0.019562037,13.171874,0.028741085,12.4321,0.053147522
216678527399593728,56.164281780493,32.1689260661421,15.067775,0.034105079,14.899498,0.036854078,15.049882,0.12493003,15.88468,1.1961368
216678458680118912,56.1755551321785,32.1505717237166,11.170284,0.0055181,11.490953,0.0075421017,11.21053,0.0088437955,10.649382,0.012763415
216678458680119168,56.1750229204557,32.1499961757971,11.174841,0.0055297093,11.515218,0.0076269882,11.243046,0.0089968955,10.71731,0.013407385
216678527399594880,56.1632998382885,32.162478070228,13.272987,0.014598783,12.985575,0.015045534,12.45987,0.018007257,12.124477,0.04087357
216678493039858560,56.1549467177282,32.1544753309183,13.817101,0.018820782,13.794431,0.021909734,13.726642,0.042921154,13.360571,0.12025383
216678523104066944,56.1576259019158,32.1687355939069,14.230223,0.02285645,14.160988,0.026004992,14.098663,0.057136591,15.094221,0.57945592
216678454384591744,56.16767024178,32.15917439935,14.228798,0.022841078,13.866758,0.02266173,12.949183,0.024690948,11.671753,0.028061473
216678424320384128,56.1540836546972,32.1428492432683,13.671272,0.017579043,13.387624,0.018130483,13.182438,0.0289527,13.094421,0.094884088
216678424320382848,56.1612788773486,32.1450130199953,11.916284,0.0077861245,11.795511,0.0086798574,11.775656,0.012024799,12.034838,0.037900367
216678493039859328,56.1558591356738,32.1502550833022,12.71749,0.011279503,12.275871,0.010835061,11.740396,0.01178925,10.911315,0.015471409
216678424320382336,56.1611826566176,32.1491029229151,13.674726,0.017607457,13.576645,0.019795949,13.439319,0.034732509,13.148734,0.099569337
216678660542082560,55.9834703800589,32.0370237127476,11.402769,0.0061428039,10.83165,0.0055651797,10.256297,0.0054530957,9.6604029,0.006584211
216678733556498432,56.0150200613946,32.0425057044845,14.926825,0.031857994,14.802754,0.035196352,14.900131,0.11001295,15.227612,0.65472563
216678729261562368,56.0151527596129,32.04307618944,14.924984,0.031829726,14.796073,0.035084824,14.846442,0.10514324,15.041791,0.5523113
216678935420000128,55.967035232954,32.0610944169568,15.01634,0.033265733,14.937464,0.03752711,14.918344,0.11171993,15.13766,0.60296008
216679210297924096,56.0320915201081,32.0847507111959,14.751264,0.029280366,14.590896,0.031834987,14.424908,0.074170648,14.691775,0.40111532
216679210297911680,56.0312796626875,32.0691299899985,14.533365,0.02638764,14.350077,0.028418911,14.166791,0.060292003,13.618203,0.15149892
216679214594380032,56.0283703359892,32.0780086279495,15.215626,0.036649467,15.127705,0.041102805,15.064997,0.1265524,15.24584,0.66574846
216679141578433920,56.04218451588,32.06789947079,13.946317,0.019996728,13.579943,0.019826354,13.229425,0.029917263,12.624696,0.062792573
216679279017661824,56.0687819752429,32.092444314866,13.812992,0.018784575,13.712577,0.021089447,13.62659,0.039833156,13.60195,0.14930143
216679352033331840,56.0468870032675,32.1033750471058,13.652702,0.01742709,13.63244,0.020316783,13.598812,0.039022876,13.790781,0.17697874
216679382096866944,55.999500914007,32.0781816367219,14.982535,0.032726332,14.69496,0.033441719,14.436401,0.074867196,13.811082,0.18025103
216679420752810368,56.0184372865018,32.0816559399136,15.166531,0.035782218,15.025004,0.039129338,14.791402,0.10039281,14.339222,0.29090985
216679626911236352,56.0282754116889,32.1316958557444,13.818361,0.018831893,13.507714,0.019171256,13.179894,0.028901568,12.395622,0.051505015
216679558191760640,56.0381184480984,32.1192639447855,11.473531,0.006346689,11.299592,0.006905036,11.233222,0.0089503094,10.564603,0.01201101
216679626911237120,56.0352864596832,32.1212644288834,11.43985,0.006248811,11.280826,0.0068455449,11.270503,0.0091286425,10.869173,0.014992742
216679626909685888,56.0254763422302,32.1186771060219,14.291594,0.023528937,14.198561,0.026467149,14.021864,0.053803445,13.643439,0.15497697
216679626911238016,56.02588874071,32.11849780149,14.289282,0.023503233,14.19798,0.026459937,14.040766,0.054602639,13.757159,0.17169221
216679729989231744,55.9382441034881,32.0663115318242,12.217422,0.008948746,11.506313,0.0075957239,10.950025,0.0077222887,9.9654039,0.0079885523
216680309809831552,55.9795601669949,32.1207165662748,15.276737,0.037761468,15.157156,0.041688228,15.274087,0.15146104,15.603187,0.92379973
216680348465744128,56.0171054769736,32.1214077283087,14.295062,0.023567552,14.246493,0.027069096,14.186815,0.061256818,14.779867,0.43470816
216680515970990976,55.9742017204953,32.125078286034,14.865731,0.030934303,14.812772,0.035364274,14.852903,0.10571668,14.752941,0.42414977
216680515968018304,55.9802947883935,32.1314796714227,14.541241,0.026486718,14.183243,0.026277722,13.815794,0.045912102,13.091291,0.094621081
216680554624176000,55.9531913260529,32.1259205894197,13.827808,0.018915441,13.802988,0.021997353,13.840795,0.046794148,13.891357,0.1938059
216680554622626304,55.9526590802653,32.1253503267378,13.835162,0.018980747,13.822837,0.022201978,13.975106,0.051883583,14.113883,0.23706726
216680554622626432,55.95272539554,32.12579006055,13.831409,0.018947393,13.816145,0.022132771,13.935319,0.050311925,14.013654,0.21648178
216680726422962304,55.9917983823136,32.1630853145686,12.00673,0.0081183658,11.990535,0.0094973971,11.981775,0.013524295,12.106825,0.040268679
216680692063125504,55.9812972865071,32.1589374241759,12.827742,0.011871046,12.773824,0.013640269,12.770744,0.021943997,12.893305,0.079436837
216680623343650176,55.9841752265689,32.1433939632452,13.911844,0.019675753,13.917934,0.023209767,13.841116,0.046805594,14.151235,0.24523784
216680790845911040,56.083394735005,32.1126693632629,14.607963,0.027342114,14.480933,0.030224847,14.534884,0.081143313,15.308244,0.70491759
216680863861815680,56.0801602505541,32.1263230933392,13.138611,0.013714254,12.827286,0.013982037,12.530115,0.018814193,12.103763,0.040164724
216680795142439936,56.0902548812304,32.1069103780221,13.751841,0.018254269,13.652183,0.020504418,13.545781,0.037529663,13.519357,0.13862812
216680859565397888,56.0760638163272,32.1257037699754,14.935646,0.031993802,14.856144,0.036101192,14.717964,0.094414955,14.614716,0.3738834
216680863860255488,56.0792008968432,32.1266047196999,13.244999,0.014409874,12.931428,0.01467283,12.898854,0.023875058,12.721272,0.068310047
216680932580072960,56.11069869592,32.13904797322,12.570834,0.010538598,12.260753,0.010759653,12.202256,0.015394249,11.646885,0.027499124
216680928285636096,56.1111853896386,32.1389929316842,12.568316,0.010526315,12.254723,0.01072972,12.163148,0.015040096,11.600784,0.026489556
216680966941030272,56.0877544966392,32.1274243816678,12.311204,0.009345403,12.320856,0.011062609,12.293466,0.016261564,12.423374,0.052749621
216681104379984768,56.0467580557161,32.1378420559966,14.034517,0.020842939,13.934311,0.023388007,13.826395,0.046283738,13.925199,0.19982742
216681207459196160,56.084050374223,32.1490450871892,13.650226,0.01740693,13.298529,0.017395617,13.01312,0.025777699,12.580024,0.060401289
216681276178672000,56.0684247489552,32.1653463951041,12.961326,0.01263011,12.946382,0.01477482,12.895481,0.023821571,13.023444,0.089103552
216681271882290560,56.0758442372644,32.1664922121241,14.005372,0.020559274,13.608632,0.020092856,13.470368,0.035521714,13.302231,0.11414945
216681207459195392,56.0796800104679,32.1586896467856,12.398287,0.0097295902,12.347012,0.011197119,12.319881,0.016524077,12.440916,0.053552821
216681310538409216,56.1252318695806,32.1469394817629,15.131697,0.035180561,14.81542,0.035408812,14.519325,0.080114103,14.426937,0.31508132
216681344898144896,56.1365156724653,32.1543804930717,13.353805,0.015158584,13.310331,0.017491193,13.188354,0.029072029,12.841967,0.075930407
216681340602609152,56.1249585936435,32.1558492352789,13.516713,0.016354699,13.404074,0.018269573,13.316206,0.031803517,13.347371,0.11884384
216681344898253440,56.1283968549532,32.1655015335628,12.02689,0.0081943446,11.894255,0.0090845557,11.233318,0.0089507617,10.108303,0.0087743929
216681551056567424,56.1450930555978,32.188341139205,13.97621,0.020279457,13.848329,0.02246764,13.906643,0.04921329,14.320478,0.28599305
216681447977358464,56.1387658832765,32.1610033775048,13.237036,0.014356587,12.953523,0.014823776,12.818227,0.022636296,12.620028,0.062538093
216681482337093120,56.1427613555055,32.180479952105,13.211167,0.014184851,13.124823,0.016048638,13.095793,0.027271564,13.37408,0.12171472
216681516696832512,56.1305998033036,32.1797185344223,13.745054,0.018196375,13.294206,0.017360743,12.839945,0.022961976,12.362461,0.050058737
216681516696833408,56.1238418590996,32.1777366673186,12.326918,0.0094135778,12.008851,0.0095780451,11.774834,0.012019242,11.181807,0.019007599
216681443681826688,56.1452652427362,32.1648699453808,14.097915,0.02147413,13.866583,0.022659877,14.734597,0.095733993,15.122117,0.59444137
216681585416316032,56.0981909921785,32.1594256670215,14.555192,0.0266632,14.307665,0.02785798,14.011895,0.053387343,13.607375,0.15003123
216681654135789696,56.0900450559728,32.1771329486054,12.137359,0.0086235704,11.575772,0.0078430241,11.356995,0.0095589892,11.034087,0.01697177
216681585416314368,56.0898067028192,32.1715202670851,13.759221,0.018317439,13.692561,0.020893694,13.561779,0.037972856,13.357568,0.11993159
216681585416313216,56.1027792601731,32.1708547454378,11.688,0.0070070952,11.418272,0.0072934758,11.374473,0.009648884,11.586063,0.026175964
216681688495526016,56.0999334508073,32.1833495950869,12.608478,0.010723943,12.560095,0.012356134,12.539093,0.018920561,12.621234,0.06260374
216681615480430976,56.11355281526,32.17702058221,13.791815,0.018599151,13.45407,0.018699029,13.340701,0.032361804,13.162555,0.10079952
216681791574735744,56.1065458384108,32.2083189086988,13.220978,0.014249732,13.197999,0.016602678,13.172046,0.028744516,13.211894,0.10532055
216681791574739072,56.1065983495833,32.1918186139952,11.952016,0.0079157131,11.427867,0.0073258212,11.169381,0.0086544588,10.488816,0.011383307
216681718559730816,56.11612563942,32.181195664,12.9258,0.012423554,12.808828,0.013863071,12.682278,0.020722918,12.930243,0.082064112
216681718559627520,56.1183683330016,32.189577260885,13.891205,0.019486142,13.747706,0.021437565,13.668561,0.041095542,13.710071,0.16455805
216681791573145344,56.10627488312,32.1919892291,11.949877,0.0079078948,11.427923,0.0073260106,11.163644,0.0086284491,10.478362,0.011299871
216681757213400064,56.13358041696,32.19553370813,10.622996,0.0042874456,10.833513,0.0055699602,9.4289675,0.0036598306,7.810892,0.0023816209
216681757214997504,56.1331624767023,32.1955200822098,10.623428,0.0042882996,10.834657,0.0055728983,9.4370203,0.003673861,7.8281549,0.0024023052
216681929013704192,56.0208398914353,32.1649397311747,13.036077,0.013076189,12.996531,0.015122106,12.960611,0.024880992,13.112375,0.096407015
216682032092915328,56.0588524899633,32.1745415103568,13.624487,0.0171988,13.549888,0.019551038,13.530665,0.037116533,13.59665,0.14859187
216682238251347456,55.9995168953916,32.1877910325187,13.753412,0.018267698,13.744295,0.021403505,13.727381,0.042944995,13.794335,0.17754731
216682375690295296,56.0240061524719,32.2080017324999,13.844693,0.01906573,13.8512,0.022497763,13.782781,0.044776952,13.606564,0.14992191
216682513129243264,56.077406202225,32.2147599510231,12.863291,0.012068406,12.25259,0.010719154,11.801672,0.012202317,11.322401,0.021211254
216682444409767552,56.0913068955055,32.2032092575228,13.462071,0.015943092,13.411987,0.018336873,13.368841,0.033017831,13.305585,0.11449159
216682444409767936,56.0930008844986,32.200200730444,13.151579,0.013797181,12.71296,0.013261442,12.299219,0.016318292,11.673666,0.02810525
216682513129244928,56.0746213636569,32.2056383926446,13.497292,0.016207172,13.453273,0.018692102,13.097121,0.027296409,13.762481,0.17251813
216682444409768320,56.0887097733683,32.1989791275833,13.839766,0.019021749,13.785307,0.021816701,13.581543,0.038529019,12.980191,0.08576161
216682405753899648,56.0753976523868,32.181513017378,12.901463,0.012284041,12.474737,0.011877995,12.150053,0.014923786,11.658,0.027748895
216682547488981248,56.0886281091019,32.2103493024069,14.740067,0.029123753,14.412402,0.029264598,14.085173,0.056534369,13.682833,0.16057037
216682547488981504,56.0906671394745,32.2087077175825,14.519776,0.026217604,14.449526,0.029780753,14.374029,0.071172812,14.504017,0.33799518
216685949103101824,55.8836091512309,32.1048204846343,13.644762,0.017362535,13.621844,0.02021681,13.603629,0.039161977,13.673948,0.15929102
216691927697575680,55.9359071236937,32.1382683554439,13.092156,0.013421335,13.003158,0.015168614,12.827406,0.022773241,12.480447,0.055410942
216692099496268288,55.8656256434039,32.1420997939579,14.876195,0.031090424,14.795582,0.035076635,14.763915,0.098108323,14.809491,0.44663154
216692099494720256,55.8651957047304,32.141120212509,15.177907,0.035981136,15.320249,0.045097391,15.288143,0.15331304,15.178091,0.62569761
216692305654697088,55.9376722849872,32.1466488838713,14.768254,0.029519736,14.762611,0.034531826,14.666018,0.090421948,14.830794,0.45540869
216692477453384448,55.9772038103116,32.1705466940966,14.743706,0.029174561,14.698766,0.033502071,14.774985,0.099021522,14.720127,0.41163118
216692511813123456,55.9558272629719,32.1777495834894,14.02267,0.020727145,14.023761,0.024386685,13.901485,0.049018625,14.016186,0.21697878
216692752331288448,55.9511348898376,32.2069927806555,15.237485,0.037043014,15.168397,0.041914045,15.143201,0.13531484,15.01506,0.53896846
216693370806584192,55.8482009860699,32.2071867239143,14.835592,0.030489295,14.544257,0.031141375,14.34937,0.069768796,13.95425,0.20514843
216693817483279872,55.9006889341331,32.2257499875565,12.303333,0.009311439,12.236964,0.010642061,12.17433,0.015140309,12.268096,0.046175653
216694058001342336,55.9886802487661,32.2160072276287,14.351786,0.024208706,14.377423,0.028786792,14.359112,0.070319702,14.476833,0.32972805
216693954922130432,55.9954374327329,32.1908800396535,12.292854,0.0092664199,11.838944,0.0088555871,11.630945,0.011093279,11.054937,0.017243155
216694195440291328,55.9988008337292,32.2341480480258,13.428612,0.015696308,13.413326,0.018348286,13.357409,0.032749404,13.432408,0.12823496
216694126720813696,56.0176794676523,32.2304997389387,13.728077,0.018052374,13.643412,0.020420846,13.575634,0.038361728,13.590775,0.14780932
216694298519511168,55.9526143536101,32.2307505643403,14.98546,0.03277262,14.857892,0.036131228,14.717962,0.094414824,14.744823,0.4210174
216694225503544320,55.9635094012756,32.2192234722986,12.143988,0.0086500342,12.010241,0.009584192,11.998142,0.013653036,12.113501,0.040496299
216694401598720768,55.996185655178,32.2392538465378,13.221252,0.014251549,12.63749,0.012806418,12.333118,0.016657626,11.807743,0.031371703
216694603461518208,56.0249798163433,32.2589373786521,15.273631,0.037704056,14.842566,0.035868763,14.482931,0.07776259,13.8975,0.19488501
216694710836359296,56.036903607716,32.2695982630495,12.795006,0.011692193,12.769951,0.013615841,12.725561,0.021309481,12.862506,0.077313412
216694672181012864,56.056725236815,32.2650746677059,13.72146,0.017996568,13.618826,0.020188428,13.560707,0.037942955,13.705801,0.16392637
216694848275314688,55.9980791224709,32.2653156137599,14.077811,0.021271848,14.054487,0.024739782,14.00108,0.05294015,14.107124,0.23561849
216694951354525952,56.0405719856031,32.2869523969788,14.773622,0.029595804,14.778938,0.034800479,14.237532,0.063779783,14.852895,0.4646987
216695157512966912,55.9450505524846,32.2524154539122,14.001078,0.020517819,13.925734,0.023294481,13.544623,0.037497814,14.090575,0.23210935
216695226232439552,55.9650244239743,32.2657153683088,14.829522,0.030400504,14.788501,0.034958865,14.794778,0.10067736,14.842538,0.46032191
216695256295900672,55.9533959067315,32.2643063047039,13.654764,0.017443893,13.182681,0.016485113,12.694295,0.020883738,11.991574,0.036550174
216695329311661056,55.9229615559637,32.250002816585,14.543399,0.026513935,14.48549,0.030289843,14.48947,0.078179416,14.593483,0.36671329
216695569829819520,55.9495431492601,32.299102969457,13.787586,0.018562349,13.754315,0.021503717,13.714781,0.042540711,13.812212,0.18043494
216695634253464576,55.99401157587,32.29095623248,12.678374,0.011076877,12.310664,0.011010638,12.02391,0.013858824,11.308278,0.020977142
216695810347984768,55.9941843115139,32.3108883274144,14.154538,0.022054703,14.227553,0.026829567,14.117913,0.058008677,14.238267,0.26540254
216695844707719424,56.0090682614962,32.3277748529911,13.799155,0.018663203,13.727296,0.021234597,13.761769,0.04407154,13.808277,0.17979526
216695947786940288,55.9496932297942,32.312825042174,14.865094,0.03092482,14.77167,0.034680618,14.684136,0.091793221,14.913701,0.49125626
216696085225889792,55.98258868467,32.32885824165,13.621042,0.017171139,13.566756,0.019705073,13.544,0.037480702,13.676522,0.15966054
216696806780332928,55.8556424390074,32.2474070743154,13.844814,0.019066811,13.812431,0.022094455,13.800156,0.04537024,13.91568,0.19811475
216697219095686912,55.8543124675966,32.2930634088783,12.163836,0.0087297647,12.285298,0.01088235,12.238474,0.015731563,14.122279,0.23887947
216697219097192448,55.8532839194296,32.2940412264086,11.10409,0.0053521812,11.132452,0.0063928991,10.958499,0.0077560438,11.08714,0.017672333
216698760989269120,55.9015537916949,32.3184309751364,14.666404,0.028115514,14.578696,0.031652008,14.501954,0.078982033,14.672389,0.39408154
216698937084176768,55.9480656069813,32.328825777,14.203449,0.022569399,14.144687,0.025807092,14.18096,0.060972921,14.278592,0.27530768
216700655071105536,56.2490901353546,32.1132453587917,13.901719,0.019582491,13.879188,0.022793602,13.852937,0.047229644,14.057936,0.22534287
216700586351627264,56.26187625439,32.11682016293,13.855089,0.019158879,13.725562,0.021217446,13.65411,0.040655621,13.816005,0.18105377
216700822573390336,56.2329755302482,32.1240820093048,14.908284,0.031574556,14.782584,0.034860774,14.716665,0.094312817,15.02056,0.54168682
216700856933382016,56.2404818567234,32.1282470059161,15.232294,0.036949141,15.102796,0.040614556,14.78808,0.1001137,14.713831,0.40927225
216701033028221440,56.2339087223573,32.1542299106836,12.048044,0.0082748361,11.719073,0.0083790494,11.572461,0.010741994,11.174041,0.018893776
216701033028221312,56.2317151626531,32.1555182450608,13.124789,0.013626426,13.185324,0.016505338,13.224196,0.029808008,13.731725,0.1678005
216701131811299840,56.3005124376426,32.1536574757942,15.206369,0.036484196,15.104209,0.040642085,15.122584,0.13294348,15.333166,0.72120022
216701166170801664,56.2779687708356,32.158536746656,15.027416,0.033444553,14.897543,0.036819771,14.759089,0.097713165,14.692536,0.40139401
216701307906123136,56.3005431657073,32.1748162639774,14.339849,0.024072279,14.346272,0.028368105,14.372832,0.071103932,14.285782,0.2771126
216701376625602304,56.2717442745086,32.1651364669113,14.245566,0.02302266,14.184911,0.026298276,14.154474,0.059707142,14.144459,0.24373471
216701406688870400,56.2817703675773,32.1744203229744,12.083323,0.0084108565,11.988343,0.0094877926,12.007229,0.01372517,11.976561,0.036093966
216701445345078144,56.25631250436,32.1809223460743,13.361747,0.01521477,13.330362,0.017654638,13.278762,0.030972453,13.326362,0.11663473
216701544127953536,56.3002608403009,32.1947579155988,15.14968,0.035489759,15.165109,0.041847862,15.098728,0.13025495,15.059547,0.56135759
216701651503514752,56.2066276232972,32.1533281472168,14.782284,0.029718981,14.755013,0.034407545,14.514791,0.079816849,13.861843,0.18870543
216701823302200832,56.2480257658644,32.1776102094074,14.895716,0.031383975,14.832437,0.035696406,14.897,0.10972239,14.909164,0.48922283
216701788942464768,56.2306192540256,32.1595834114002,14.580611,0.026987956,14.480001,0.030211567,14.398339,0.072587943,14.44334,0.31982233
216701995100897024,56.172041080372,32.1736672078145,13.797467,0.018648459,13.654124,0.020522958,13.716783,0.042604642,14.35769,0.29583828
216701926381419264,56.1823473454975,32.1751052653275,13.036349,0.013077842,12.625884,0.012737852,12.137367,0.014812183,11.117389,0.018086808
216701926381421568,56.1773532273884,32.1673153790044,13.723769,0.018016026,13.280625,0.017251634,12.927392,0.024333529,12.416217,0.052425604
216701922085898112,56.1793202814087,32.1708754332538,14.462887,0.025518276,14.318772,0.028003757,14.190088,0.061416182,13.920367,0.19895623
216701956445523456,56.1983578667377,32.18209635576,13.925824,0.019805268,13.782514,0.021788307,13.692021,0.041821696,13.895501,0.19453323
216701995100898560,56.1714959857044,32.1694683560172,13.777657,0.018476237,13.522385,0.019302508,13.351008,0.032600253,13.163755,0.10090701
216702029459031552,56.1929633280507,32.1879396484592,14.117382,0.021671906,14.018235,0.024323739,13.798095,0.0452994,13.290116,0.11292241
216701926379825536,56.17738954826,32.16750608768,13.723859,0.018016786,13.279867,0.017245568,12.934935,0.02445652,12.444279,0.053708292
216702304338533120,56.2561815460641,32.2080032727994,14.541433,0.026489137,14.410551,0.029239111,14.320267,0.068151601,14.375073,0.30055403
216702269978796800,56.2399012578004,32.2066901644908,13.480357,0.016079639,13.441541,0.018590454,13.3681,0.033000355,13.168493,0.10133279
216702476137228288,56.2288913648746,32.2030654714166,11.577677,0.006659184,11.372831,0.0071422248,11.311524,0.0093297883,11.381941,0.022231577
216702476137228032,56.2297688100257,32.2036904019294,11.638498,0.0068487854,11.433612,0.0073452574,11.536663,0.010533649,11.910288,0.034153096
216702613576176896,56.2493187109388,32.225534449855,14.504855,0.026032241,14.205325,0.026551247,13.944048,0.050651986,13.635114,0.15382063
216702647935913344,56.2572683765804,32.2410131863821,12.468955,0.010053056,12.465138,0.011825407,12.437881,0.017763572,12.477946,0.055291389
216702819734605696,56.3242396094561,32.2016172203141,14.617712,0.027469537,14.35951,0.02854526,14.120035,0.058105715,13.874323,0.19084525
216703128972248576,56.322367288939,32.2330601389849,14.838324,0.030529355,14.83355,0.035715307,14.863125,0.10663095,14.916587,0.49255376
216703850525140992,56.2901978307452,32.2267896305279,15.105962,0.034743183,15.128586,0.041120191,15.105401,0.13100118,15.25186,0.66942973
216704125404661760,56.2693761366358,32.2504465920253,14.101302,0.021508404,13.948599,0.023544655,13.842704,0.046862291,13.563913,0.14428506
216704125403045120,56.2693511485743,32.250248256099,14.102461,0.021520141,13.951616,0.023577873,13.849716,0.047113654,13.580597,0.14646376
216704159764397952,56.2901797731717,32.267595009224,13.285026,0.014680813,13.29982,0.017406046,13.247629,0.03030144,13.353976,0.1195473
216704228483874560,56.269475983792,32.2774455472439,14.888023,0.031267938,14.802311,0.035188947,14.825888,0.10334127,15.056547,0.55981902
216704365922824576,56.2980695787303,32.2932903118874,13.88439,0.019423946,13.79034,0.021867975,13.819775,0.046051244,13.853985,0.18737064
216704670864439424,56.3128192743798,32.3059671854322,14.326873,0.023924891,14.147155,0.025836956,14.091895,0.05683355,14.29243,0.27879232
216704881318894720,56.3249562031069,32.3258088445452,14.410353,0.024889979,14.33211,0.028179861,14.283002,0.066141958,14.151975,0.24540263
216705053117726464,56.159901771164,32.2165887930984,14.101008,0.02150543,14.079684,0.025033268,14.133301,0.058716721,14.871133,0.47250864
216704950038394240,56.1671285360861,32.1928268367888,12.978031,0.012728437,12.876203,0.014302321,12.796188,0.022311648,12.689737,0.06645433
216705048821756544,56.1557734411751,32.2067181624752,13.515525,0.016345639,13.31793,0.017553012,13.041185,0.026273289,12.231581,0.044760849
216704945742764928,56.1583287510321,32.1936170972954,14.17959,0.022316783,13.881073,0.022813678,13.551531,0.037688246,12.813318,0.07404435
216705053117608960,56.1573999431512,32.2050360302356,14.328257,0.023940568,14.16489,0.026052606,14.203281,0.062063328,14.934525,0.50069841
216704984398132096,56.1738602025216,32.2006205555606,13.639774,0.017322104,13.46174,0.01876581,13.356633,0.032731287,12.933417,0.082294062
216705156196822016,56.1726461856667,32.2193358029714,14.852196,0.030733591,14.760757,0.034501444,14.72123,0.094672416,14.774058,0.43240812
216705190556558592,56.1872923562734,32.2270320145141,13.623249,0.017188856,13.52887,0.019360821,13.574309,0.038324333,13.704018,0.16366325
216705121837081600,56.2033946983496,32.2227207199152,14.411552,0.024904128,14.324888,0.028084367,14.209443,0.062368224,13.995705,0.21299184
216705151900720768,56.1699164208077,32.2185346132237,14.753431,0.029310783,14.624817,0.032349625,14.501382,0.078945055,14.547868,0.35177559
216705190554952832,56.1873270205717,32.22675792119,13.622694,0.017184396,13.531751,0.01938678,13.532369,0.037162837,13.602629,0.14939247
216705186260474112,56.1878929169652,32.2369924212455,13.744248,0.018189513,13.623122,0.020228842,13.580178,0.038490287,13.547168,0.14213184
216705220620786944,56.1383886323,32.21592959097,14.891348,0.031318042,14.580711,0.031682152,14.299917,0.067045774,13.719007,0.16588825
216705224914700288,56.1326799094864,32.2122645006871,14.906477,0.031547083,14.779314,0.034806694,14.786017,0.099940757,15.014375,0.5386307
216705396714988032,56.1671876432768,32.2410904987876,13.602239,0.017020957,13.485596,0.018975093,13.473261,0.035596344,13.659844,0.1572816
216705431073119744,56.1495189359828,32.2511611509861,13.370514,0.015277039,13.247337,0.016987145,13.247036,0.030288821,13.353021,0.1194453
216705426778650624,56.1495424349375,32.2506469207986,13.375276,0.015310963,13.243203,0.01695458,13.222145,0.029765276,13.390054,0.12346572
216705602873413632,56.2020626700984,32.257753561931,13.20392,0.014137114,13.205728,0.016662316,13.217401,0.029666743,13.4159,0.12635388
216705529857665536,56.2133516817785,32.2512098395112,15.013964,0.033227505,14.874777,0.036422754,14.830885,0.10377627,14.899335,0.48484677
216705705952627456,56.2123038136161,32.2692957757517,13.533013,0.016479581,13.464121,0.018786594,13.339984,0.032345302,13.369285,0.12119405
216705843391582976,56.166031845832,32.2661073158615,14.544501,0.02652784,14.442314,0.029679746,14.429134,0.074425939,14.95252,0.50900485
216705839095932288,56.1792487601551,32.266566173394,14.647135,0.027857968,14.113596,0.02543394,13.5794,0.038468245,12.800087,0.073189913
216705912111057024,56.2065574527632,32.2792999233213,13.131973,0.013672008,13.111615,0.015950648,13.156463,0.028435755,13.233331,0.10734971
216706049550020224,56.1135236899343,32.2391580266253,13.558848,0.016679524,13.106075,0.015909732,12.716563,0.021185856,12.31748,0.048165904
216706221348706432,56.1495249094935,32.264825647785,14.368117,0.024396675,14.282275,0.027527691,14.363984,0.070597105,15.130925,0.59925398
216706221348706688,56.1445884371166,32.2651087058605,14.168203,0.022197257,14.314909,0.027952961,14.494418,0.078496452,16.799668,2.7734183
216706186988969856,56.13843626342,32.25803910987,13.805367,0.018717592,13.720726,0.021169685,13.678006,0.041386091,13.774866,0.17445603
216706255706838016,56.1326516624583,32.2628904688593,14.90858,0.031579056,14.72832,0.033974663,14.633745,0.088034648,14.846599,0.46203308
216706221347094912,56.14454122825,32.26665993302,13.551959,0.016625968,12.822826,0.013953194,12.297054,0.016296916,11.487657,0.024183616
216706186987365120,56.1377316590281,32.2499473775294,15.110453,0.034819064,14.959659,0.037926601,14.829884,0.1036889,15.469395,0.81712277
216706290068182016,56.1421962052076,32.2766035211539,14.543779,0.026518724,14.171496,0.026133403,13.918973,0.049682247,13.382585,0.12264377
216706186988968832,56.145754132761,32.258645722526,14.144365,0.021949203,13.793641,0.021901663,13.448548,0.034964877,12.778977,0.071848039
216706358787661312,56.1081071384351,32.2751733791479,13.908841,0.019648044,13.951751,0.023579358,13.915691,0.049556913,14.039322,0.22157406
216706324427926912,56.0898206195534,32.2527169628892,14.356575,0.024263668,14.280082,0.027499348,14.223925,0.063091516,14.126609,0.23981957
216706358787662208,56.1171856290257,32.2667375123424,13.47693,0.016053962,13.386533,0.018121295,13.355707,0.032709663,13.306135,0.11454786
216706633663947648,56.1703760257008,32.2886296444818,14.423965,0.025051188,14.306887,0.027847795,14.254478,0.064648841,14.531943,0.34670674
216706698088821120,56.1658712589931,32.3011481803034,12.926404,0.012427039,12.671721,0.013010816,12.50241,0.018490645,12.029562,0.037732857
216706732448736384,56.180351723548,32.2991746688634,14.701409,0.028589904,14.591746,0.031847785,14.61808,0.0869009,14.534958,0.34766068
216706835528252160,56.1839329983825,32.3243987063226,14.885623,0.031231828,14.767842,0.034617664,14.906471,0.11060398,16.669911,2.4614214
216706771102889728,56.203436979692,32.3129078834414,14.86958,0.030991636,14.70198,0.033553126,14.814758,0.10237952,15.136339,0.60223094
216706732448557568,56.1744501532941,32.299064113408,14.689717,0.0284305,14.608756,0.03210488,14.570881,0.083581152,14.443926,0.31999288
216706942903208320,56.1296839733274,32.3134626046127,14.472417,0.02563404,13.999439,0.024110869,13.591156,0.038803016,12.973252,0.085237685
216707011622683392,56.16160132437,32.3182129402664,14.48494,0.025786993,14.439445,0.029639672,14.207958,0.0622946,14.059044,0.22556928
216707011622682624,56.1654298863888,32.324662042946,14.213957,0.022681604,14.054436,0.024739187,13.98202,0.052162441,13.9855,0.21103322
216707080342159616,56.1432574651202,32.3324696211806,15.244143,0.037163801,15.114314,0.040839544,14.969732,0.11669245,15.067269,0.56533869
216707080342158336,56.1531260276674,32.3399553445597,15.25375,0.037338881,15.224448,0.043059845,15.187892,0.14061156,15.414135,0.77675649
216707114701896576,56.163269580009,32.3358142737386,13.655161,0.017447131,13.39849,0.018222242,13.163543,0.028575528,12.847488,0.076299607
216707217781267456,56.23641840989,32.28430727057,15.189645,0.036187669,14.787776,0.034946826,14.549367,0.082114568,14.225862,0.26242872
216707247844807808,56.2466746717369,32.2922095030974,13.871015,0.019302477,13.802838,0.021995809,13.700357,0.042083356,13.869751,0.19005857
216707801896654848,56.295746562925,32.3501792039865,12.168993,0.0087506056,12.15557,0.010249409,12.104619,0.014528845,12.244285,0.045247702
216707698817442432,56.2908343224791,32.325073753432,13.093854,0.013431926,13.14108,0.01617008,13.087241,0.027112201,13.160773,0.10063997
216708038118238976,56.2657345532269,32.3595673241008,15.023559,0.03338217,14.879735,0.036508824,14.878557,0.10802739,14.994469,0.52891185
216708145494033024,56.3068255848803,32.3814440404763,15.092002,0.034508401,15.120762,0.040966073,15.063535,0.12639458,15.216688,0.64820795
216708248573262592,56.1987772397829,32.3199402973726,11.901723,0.0077339315,11.828029,0.0088110915,11.819335,0.012324685,11.813112,0.031510981
216708489091424128,56.2276180434728,32.3612525336928,13.909118,0.0196506,13.848616,0.022470652,13.859724,0.047475123,14.040408,0.22179213
216708695249854208,56.2175321630108,32.3673547416288,14.84762,0.030666061,14.779436,0.034808705,14.864715,0.10677392,15.153514,0.61177532
216718178537782400,56.0911126509888,32.2909126647644,14.661334,0.028047506,14.322175,0.028048577,13.687017,0.041665561,13.357184,0.11989045
216718178536051456,56.07987138494,32.28847707045,6.7120037,7.0762387E-4,6.5786574,7.846958E-4,6.7433778,0.0010470189,6.7684489,0.0014334526
216718178537659392,56.079716476089,32.2882474350319,6.7119643,7.0761105E-4,6.5780572,7.8447896E-4,6.7443955,0.0010475111,6.7771983,0.0014394452
216718247257134848,56.070336863181,32.3048136740449,14.714279,0.02876646,14.594965,0.031896266,14.549887,0.082149681,14.724313,0.41320696
216718522135040256,56.0476681572178,32.3278277869459,13.818265,0.018831042,13.743956,0.021400128,13.68277,0.04153355,13.815873,0.1810322
216718620918659072,56.0634407248322,32.328378732133,14.907754,0.031566487,14.621099,0.032292789,14.258837,0.064874515,13.757741,0.17178242
216718552199181440,56.0762461266256,32.3163345255454,15.04225,0.033685697,15.086163,0.040291986,14.972137,0.1169309,14.964068,0.51440841
216718792716338048,56.1133914396677,32.3413186389157,14.739028,0.029109267,14.419707,0.029365432,13.349617,0.032567956,13.81537,0.18094989
216718693932111872,56.1245453892875,32.3224988104993,13.470946,0.016009218,13.323538,0.017598782,13.282989,0.031064946,13.240662,0.10805292
216718693932112000,56.1249260276879,32.3229897565364,13.467366,0.01598251,13.317077,0.017546068,13.22853,0.029898522,13.168974,0.10137614
216719037531112832,56.0869571081365,32.345534952266,13.944313,0.019977918,13.945135,0.023506581,13.938865,0.050449747,14.034811,0.22067039
