OBJECT_ID_1_1,RA_1_1,DEC_1_1,1_mag_0,1_mag_err_0,2_mag_0,2_mag_err_0,3_mag_0,3_mag_err_0,4_mag_0,4_mag_err_0
216506934865270528,56.0891518039035,31.5402529639667,13.269867,0.014507571,13.314866,0.017463858,13.23058,0.022166958,13.312605,0.034846703
216506900505532416,56.0761733012039,31.5330995511518,13.935309,0.019718476,13.864546,0.02250134,13.847547,0.030823452,14.034836,0.055521613
216519098212652416,56.0313457300927,31.5998524103299,12.813304,0.011754521,12.820956,0.013908647,12.769161,0.017532459,12.841176,0.026402237
216596957380816384,56.2343711605486,31.5148850393755,12.752593,0.01143022,12.704601,0.013182592,12.698876,0.016928695,12.797798,0.025760091
216597163539245184,56.2471437738186,31.5498403330154,12.732137,0.011322983,12.726178,0.013314307,12.671026,0.016695971,12.779446,0.025494211
216597575856105344,56.3207643617298,31.5306508712465,15.191885,0.035244554,15.162856,0.040986071,15.230692,0.071784743,15.285944,0.14117813
216597644575581568,56.3480212971903,31.5464711346762,14.643907,0.027351095,14.563811,0.031071484,14.601355,0.047804954,14.632459,0.085053896
216599018965115008,56.3698211997572,31.6089173499156,13.57941,0.016733144,13.559363,0.019547457,13.415351,0.024413196,13.593483,0.041507119
216599053324853760,56.3524653417127,31.603935437347,14.951628,0.031534023,14.894808,0.036206526,14.803593,0.054239704,15.02179,0.11449433
216599804943161344,56.1582506278623,31.5309162168455,15.205015,0.03545961,15.128527,0.040340038,15.075897,0.064709649,15.240865,0.13616348
216600251619553152,56.1995104666543,31.5625443835214,14.615019,0.026988341,14.53665,0.030684155,14.536385,0.045942506,14.679183,0.088074578
216600423418245120,56.1931447215627,31.5858045213387,14.496151,0.025545963,14.4501,0.029481994,14.375351,0.04170248,14.485592,0.076326737
216601213692521472,56.1916386552882,31.6043887741688,14.625367,0.027117725,14.547445,0.030837515,14.519741,0.045480058,14.596487,0.082811469
216601321067587584,56.1407990677047,31.6013474178642,14.546031,0.026141518,14.445674,0.029421803,14.427649,0.043023759,14.590408,0.082439434
216601488570564224,56.1793806617233,31.626033243308,14.42227,0.024688823,14.08452,0.024904501,13.895424,0.031652962,13.330276,0.035224432
216601973902615296,56.2271018308413,31.6200326763866,14.669973,0.027682625,14.656524,0.032431053,14.583831,0.047293468,14.701397,0.089554901
216601870823400960,56.2351711023795,31.5984055613594,15.178116,0.035020439,15.106777,0.039936066,15.143944,0.067708612,15.181168,0.12982907
216602523658428672,56.2696485617391,31.6548917364381,15.178005,0.035018633,15.156972,0.040874596,15.023842,0.062525915,15.23438,0.13545869
216602523658428288,56.2765933595189,31.6658950344341,14.072924,0.021011272,13.965011,0.023568588,13.937586,0.032406209,14.067789,0.056787226
216602695457121408,56.2147621675021,31.6197221027722,15.243419,0.03609629,15.24649,0.042604043,15.202422,0.070423989,15.363999,0.15035955
216602901615551104,56.2145117953883,31.6502049429797,14.183158,0.022108009,14.138161,0.025528577,14.07861,0.035091297,14.195013,0.062016972
216603417011624832,56.2835799930649,31.6969109422037,14.517922,0.025804209,14.444474,0.029405516,14.495201,0.044808744,14.544419,0.079688362
216603451371363968,56.2586319063295,31.6888036299822,11.384924,0.0060872432,11.356866,0.0070855311,11.275194,0.0085264325,11.338832,0.011991593
216603726249270656,56.2331352093367,31.7124574098431,13.213171,0.014133317,13.178149,0.016397329,13.103213,0.020759443,13.204397,0.032640776
216605925272524160,56.4045729923129,31.7173079557444,14.803794,0.029449522,14.774123,0.034242043,14.840446,0.055526394,14.798782,0.096398812
216608639691856256,56.3537716343663,31.714900423614,14.929987,0.031219821,14.921874,0.03666246,14.924023,0.058588371,14.96582,0.10960875
216608708411332864,56.3444780511226,31.7239066889613,14.510497,0.025715834,14.498052,0.03014207,14.471678,0.044176856,14.620914,0.084326456
216608948929500032,56.3933332184243,31.7320723463335,14.632527,0.027207615,14.524343,0.030510247,14.508907,0.045182144,14.601632,0.083127857
216609185151960576,56.3894190363566,31.765361917188,15.110778,0.033945012,14.679844,0.032782344,14.406696,0.042488216,13.960203,0.052780986
216610185880080256,56.3044619249423,31.79275702605,14.331448,0.023674659,14.256984,0.026967503,14.237725,0.038459507,14.257184,0.064785551
216610735635893504,56.3867178134588,31.7812208513978,13.839524,0.018866069,13.729538,0.021143061,13.751333,0.029235303,13.877113,0.049923104
216613003378633344,56.0660119417926,31.619154455124,14.066024,0.020944473,13.956021,0.023471059,13.901806,0.031765587,14.104866,0.058253734
216613209537062656,56.1083536382344,31.630626086911,14.827544,0.029774782,14.748071,0.033832254,14.753633,0.052554218,14.851634,0.10036809
216613862372012032,56.0576896047888,31.6541103740741,12.672789,0.011017524,12.666731,0.012954566,12.695483,0.01690015,12.78214,0.025533029
216614102890180736,56.0302896978416,31.652566736755,12.768703,0.01151539,12.744965,0.013430062,12.688288,0.016839792,12.768464,0.025336734
216615442920054272,56.2047965007755,31.7248792110422,14.977845,0.031918945,14.883771,0.036022246,14.810169,0.054466538,14.93362,0.10690689
216616061395345152,56.145379407178,31.7377733486144,14.604562,0.026858229,14.572292,0.031193433,14.620304,0.048365846,14.643742,0.085771969
216616263257635968,56.0925666813616,31.7540872729837,13.971996,0.020055106,13.932839,0.023221406,13.909881,0.031908798,14.006251,0.054451734
216616160178830208,56.0941647756866,31.731830025805,15.166244,0.034828363,15.054922,0.038989333,15.033455,0.062922214,14.991382,0.11180973
216616508071943168,56.15178021196,31.75437338126,13.70951,0.017767879,13.742919,0.02127393,13.732103,0.028929943,13.798728,0.047400484
216616439352466560,56.1633096634702,31.7474871928048,12.688999,0.011100125,12.685352,0.013066194,12.645313,0.016484292,12.717836,0.024626037
216616503775352448,56.1512593042177,31.7543264403628,13.711449,0.017783776,13.742543,0.02127024,13.747586,0.029175501,13.779153,0.046795349
216616606855230208,56.1885896528616,31.7837444647521,15.141042,0.03442415,15.028816,0.038521307,14.952856,0.059693292,15.138677,0.12552353
216617641943232000,56.0269540198437,31.7236430484609,12.82271,0.01180558,12.743684,0.013422139,12.766014,0.017504917,12.779088,0.025489061
216617641943232128,56.0279858590552,31.7229235940357,13.381538,0.015274019,13.210016,0.016639935,13.241596,0.022293857,13.338094,0.035393192
216617981244763904,56.0416455150559,31.7693003973684,14.906366,0.030880468,14.824113,0.035042392,14.837502,0.055422232,14.955649,0.10874694
216619531727304960,56.0372655483484,31.7855823454365,15.164669,0.034802966,15.111766,0.040028372,15.064769,0.064235002,15.162657,0.1279331
216619458713513984,56.0578706606935,31.7740536661345,14.111104,0.021384802,14.004982,0.024007198,13.959411,0.032804765,14.112204,0.058549459
216621451578433920,56.2351497858182,31.7601309224119,15.267411,0.036499918,15.14857,0.040715964,15.234035,0.071947803,15.314049,0.14440955
216621455872962432,56.236023096579,31.7604329897567,15.213136,0.035593299,15.094074,0.039702021,15.164613,0.068653333,15.185601,0.13028782
216622143069030656,56.3051739420578,31.8352094163698,14.746134,0.028674684,14.69118,0.03295448,14.65836,0.049517413,14.659121,0.086762318
216622143069030784,56.3043356572485,31.835140411852,14.76758,0.028960452,14.754857,0.033938525,14.885554,0.057153542,15.039625,0.11610337
216623139501443968,56.2500064923621,31.8493815336179,13.696073,0.017658104,13.739845,0.021243789,13.756312,0.029315011,13.821472,0.04811587
