056.3361612612245 +31.4716265703275 216408047538338304
056.3587256651953 +31.4717106911896 216409456287869440
056.3703561597747 +31.4863228959818 216409555071259392
056.3607754912722 +31.4766426578777 216409559368302080
056.3389702574714 +31.4762528166399 216409525008564608
056.3796936833044 +31.4924921551037 216409589430774144
056.3736165009289 +31.4895244104972 216409658150248960
056.3914218993007 +31.4931733452263 216409628087776768
056.4010085323047 +31.4985728803531 216409623790738560
056.3751972272634 +31.4909691000089 216409662447515648
056.3727989918523 +31.4981334742078 216409662446301696
056.4090787805900 +31.5019641624700 216409799885838336
056.4084479862800 +31.5204106529200 216410036107602816
056.4119722079324 +31.5313768716639 216410109121810688
056.4015262249500 +31.5212269780800 216410074763225344
056.3951678014607 +31.5314416913882 216410104826865280
056.3996855051661 +31.5048154048878 216410006043424640
056.4147194296390 +31.5364173766909 216410207906297216
056.4207791663837 +31.5352916138119 216410143483848832
056.4279432787378 +31.5222704690514 216410143483849472
056.4211342780700 +31.5567295541000 216410246562423040
056.4325345684148 +31.5497760747633 216410246560759040
056.4173905456188 +31.5293884895353 216410139186819200
056.4477885446065 +31.5731398132926 216416152140833024
056.4478001513189 +31.5733293627511 216416156435752320
056.4493332983000 +31.5718726314900 216416156436918784
056.4426211145685 +31.5781698850399 216416156438058752
056.4452185282910 +31.5506633442521 216416049061610240
056.4595757837294 +31.5691491522044 216416083421355008
056.1811716684302 +31.4469130678700 216502330659867392
056.1448786482972 +31.4495927831489 216502566882693888
056.1650638209447 +31.4486425224806 216502502458676992
056.1591887648800 +31.4637697386400 216502605537893376
056.1602192697159 +31.4661230218122 216502601242462976
056.1370385678115 +31.4523567973433 216505418740978560
056.1227577607251 +31.4536036808610 216505418741045760
056.1362966700100 +31.4515473989900 216505423036502656
056.1324204069971 +31.4629276440693 216505521820195584
056.1364408919737 +31.4627810774633 216505526115535360
056.1301665985200 +31.4757939877800 216505594835132160
056.1377306400200 +31.4885145840700 216505624899943040
056.1001189204137 +31.4664963343371 216505659259149440
056.0802188287151 +31.4784903060854 216505727978693248
056.1258375191869 +31.4905848288088 216505831057910016
056.1385895073202 +31.4967757717251 216505831057910528
056.1019855974357 +31.5019164477256 216505869713381504
056.1134363478559 +31.5001195025166 216505865417608192
056.1280693364951 +31.5091900292166 216505899777389952
056.0640434920370 +31.5029541987071 216506552612350592
056.0671804907566 +31.4992680591496 216506552612416384
056.0561372381374 +31.4954527198507 216506556907808512
056.0713039090800 +31.4904600193800 216506488188363136
056.0955030583970 +31.5170625458622 216506621331829760
056.0904169261918 +31.5046296229665 216506621331932416
056.1040820455336 +31.5104686867976 216506621331932544
056.0929549569900 +31.5072869065800 216506625627317504
056.0985711918738 +31.5199451709766 216506659986900352
056.0953997731141 +31.5034298864142 216506621331927936
056.0850548774340 +31.5291227201695 216506694347102080
056.1146857518300 +31.5187007997800 216506655692102016
056.0429145544110 +31.5170006098459 216506827490259456
056.0520020593330 +31.5170756673526 216506758770782848
056.0515610744191 +31.5327395113800 216506866145093248
056.0519165944350 +31.5378808939016 216506861852930560
056.0380561400438 +31.5258826184367 216506827490282624
056.0758769565826 +31.5583114218101 216507003584044928
056.0825621781822 +31.5352438701353 216506930570008832
056.0725045263000 +31.5599951294900 216507003584045056
056.0802067400846 +31.5445921126394 216506930569545728
056.0774975338562 +31.5276917772941 216506900505193984
056.0724744752110 +31.5596005620975 216507003584747008
056.0891518039035 +31.5402529639667 216506934865270528
056.0761733012039 +31.5330995511518 216506900505532416
056.0641666810042 +31.5458683880468 216506964929216640
056.0240632562122 +31.5222025921150 216518200563727232
056.0276437362678 +31.5407934726102 216518647240328064
056.0146043946000 +31.5390674916700 216518651535717888
056.0349228210606 +31.5456432627277 216518612880590592
056.0368675545979 +31.5336126433403 216518578520804608
056.0426323602400 +31.5438043993900 216518612881053696
056.0538678007766 +31.5509819884144 216518720254829184
056.0690158974900 +31.5680943204109 216518750319547008
056.0411926298782 +31.5722893915444 216518784679217536
055.9970616696800 +31.5725455635300 216518926413132288
056.0003916511133 +31.5533792313832 216518857694019840
056.0014358970049 +31.5648439754288 216518926413132416
056.0016590265202 +31.5526391787543 216518853398692608
056.0192814972380 +31.5706587168052 216518887758432384
056.0254481570727 +31.5762524577942 216518990837716736
056.0308764783564 +31.5689278722455 216518990837715712
056.0313457300927 +31.5998524103299 216519098212652416
056.0209522226258 +31.5741963080399 216518995133437568
056.0224590691600 +31.6111151053100 216519849831209856
055.9728883434141 +31.6276454116705 216520163364482560
055.9728897343500 +31.6567869503900 216523152661447680
056.2685553310600 +31.4434911227800 216595239392720000
056.2248730651800 +31.4412088101100 216595376831643776
056.2295222890405 +31.4506260973189 216595372537133440
056.2391382038800 +31.4385044538800 216595308112134144
056.2455434834635 +31.4676963031379 216595514270597504
056.2523822366836 +31.4530490811297 216595445552329088
056.2450949011394 +31.4627564183253 216595509975760128
056.2396132825090 +31.4610764675981 216595475616021632
056.2477389794525 +31.4453349323405 216595406896544640
056.2408649321839 +31.4460035000844 216595475616206592
056.2494540652446 +31.4696584314975 216595514270565120
056.2858115196028 +31.4490238291633 216595617349812224
056.2823299920600 +31.4582945580600 216595617349939584
056.2907109706344 +31.4508040309933 216595617349773568
056.2883064979930 +31.4458693573233 216595544335683200
056.2900054879391 +31.4559987556111 216595617349779712
056.3013423039452 +31.4561735698680 216595582989942912
056.3160890850876 +31.4717158134821 216595681774452352
056.3085828862644 +31.4738265199285 216595754788694656
056.3043235451999 +31.4772249638536 216595750494114560
056.3025688517464 +31.4784437692232 216595750494114688
056.3116085554129 +31.4665565734928 216595681774778880
056.2887244935680 +31.4730139400548 216595857869188864
056.2674531861522 +31.4917284087311 216595922292807680
056.2773286833267 +31.4835103555020 216595926587386368
056.2715885101018 +31.4807733030360 216595922292806784
056.2806746651984 +31.4790438135687 216595853573329920
056.2640891621300 +31.4681952004800 216595892227686912
056.2874695281789 +31.4692588632704 216595857867981056
056.3054899492595 +31.4952705433132 216595991012098560
056.2931272801337 +31.4935837209052 216595956652360064
056.3039530875618 +31.4875509383253 216595991012098176
056.2839095367700 +31.5018541191700 216596029666702976
056.3013359379300 +31.4875830315500 216595960947226112
056.2963115498290 +31.5059757672297 216596064026411648
056.2913727727474 +31.5008190501132 216596059731761408
056.2033444731295 +31.4407323342199 216596094091496960
056.2039395555739 +31.4519109520187 216596167105593728
056.2376557417234 +31.4876015780773 216596338905526272
056.2263743782902 +31.4898296961481 216596338905526528
056.2444780726276 +31.4767942949398 216596265890004992
056.2382787368124 +31.4748405164641 216596265890004864
056.2264380811613 +31.4652253586422 216596231530265984
056.2262004305965 +31.4815156662365 216596338904216960
056.2221141470508 +31.4795731980357 216596300249928960
056.2347582270943 +31.4659226556488 216596231530266112
056.1873567123000 +31.4645626440300 216596373264024576
056.1879444038219 +31.4648875185322 216596368969404672
056.1882883164303 +31.4725949587684 216596403329143424
056.1904683042062 +31.4880350718748 216596476343140864
056.2053300513460 +31.5046022667366 216596613783433088
056.2190217833212 +31.4928291352567 216596545062646784
056.2073480719095 +31.4838164759800 216596510702908672
056.2044843405837 +31.4827122589488 216596506408070528
056.1891018157459 +31.4926619040711 216596575127547520
056.2421630377650 +31.4956718687056 216596712566604416
056.2537019090992 +31.4979799375622 216596678206866176
056.2631044024600 +31.4997980198800 216596678207212416
056.2308919763018 +31.4974772013954 216596716861470592
056.2583711626980 +31.5076467803852 216596746926529024
056.2747266605358 +31.5238449073226 216596888660132608
056.2629187854025 +31.5073185223311 216596785582124288
056.2841772376762 +31.5118106584899 216596819941862144
056.2699883046829 +31.5265151967877 216596884365297792
056.2766459854767 +31.5168804123741 216596815645820800
056.2712738279584 +31.5390369171737 216596884365644800
056.2677840101500 +31.5215576284100 216596854300424192
056.2708806742400 +31.5375145443600 216596888660162688
056.2619738519939 +31.5246791267668 216596854300361984
056.2303416792954 +31.5182784565043 216596957379474816
056.2281096136931 +31.5260296566110 216597026100299776
056.2343711605486 +31.5148850393755 216596957380816384
056.2190482926546 +31.5257916491470 216596987444698240
056.2432466273048 +31.5173371288422 216596953084959360
056.2224644419878 +31.5175715714751 216596991739315712
056.2471437738186 +31.5498403330154 216597163539245184
056.2500213149005 +31.5224308422844 216597060458722176
056.2629161878646 +31.5409511713889 216597090523913856
056.2423250668097 +31.5391340416458 216597129178301696
056.3471619846122 +31.4941561013711 216597227963026432
056.3337018957542 +31.5054880486565 216597296682482432
056.3281648452050 +31.5048831586073 216597266618460416
056.3732893768010 +31.5131755909088 216597365401634176
056.3490483756726 +31.5152604101864 216597399761372800
056.3207643617298 +31.5306508712465 216597575856105344
056.3052701168415 +31.5095188150656 216597541496367616
056.3098612162189 +31.5075758725873 216597468480848896
056.3480212971903 +31.5464711346762 216597644575581568
056.3374935712583 +31.5498277161773 216597708999019392
056.3571613236117 +31.5435931712756 216597640279542400
056.3804330672267 +31.5504457784421 216597846437972992
056.3876586558500 +31.5381568544500 216597782013456896
056.3891896395163 +31.5694941485233 216597953812052352
056.3952759287400 +31.5741848143300 216597983877272960
056.3632916818300 +31.5491307509500 216598022531728896
056.3656713282637 +31.5747783418811 216598121315880960
056.3633037770400 +31.5700942245300 216598125611136128
056.3767007535291 +31.5602727209167 216598052596403712
056.3726213425387 +31.5615251915876 216598052596588672
056.3683555359722 +31.5503361565833 216598022532703232
056.3920866256850 +31.5850887981729 216598190035358080
056.3751484711721 +31.5900865730098 216598224395096704
056.3925543839901 +31.5853582168847 216598194330048512
056.2977607826294 +31.5328306303690 216598293114571136
056.3008308303100 +31.5293031988600 216598297409532672
056.2795706919402 +31.5429182740381 216598361834233600
056.3025004137200 +31.5514077345100 216598396194133120
056.2963691634312 +31.5260671509555 216598293114570752
056.3235285330429 +31.5714145756133 216598537927433856
056.3197875356652 +31.5702198228176 216598537928779008
056.2603941232625 +31.5658606698632 216598641007994496
056.2591811206776 +31.5584409098432 216598636711955840
056.2513016737700 +31.5643519124400 216598636712301056
056.2572686845800 +31.5592380264200 216598636712301440
056.2832073479349 +31.5759026680432 216598778445604224
056.2855092784245 +31.5770397391133 216598774150910080
056.2880815478585 +31.5853272957107 216598774150910464
056.3042492445985 +31.5918049533999 216598744086005504
056.3378375604063 +31.5735682013929 216598842870386560
056.3342344007600 +31.5706429403900 216598847165347456
056.3392526775800 +31.5851895097511 216598881525086080
056.3418322303689 +31.5774636735232 216598842870572032
056.3722762007420 +31.6048574061785 216599018963768448
056.3698211997572 +31.6089173499156 216599018965115008
056.3524653417127 +31.6039354373470 216599053324853760
056.3530902777426 +31.6169029188559 216599087683516416
056.3435793240900 +31.6028926770500 216599049029165824
056.3183907675219 +31.6250011370911 216599220827511424
056.3314687255940 +31.6026458282372 216599152108033152
056.3016861644155 +31.6037535017310 216599186467771776
056.3144794526600 +31.6120076721700 216599220827857152
056.3266714086975 +31.6007435064725 216599156402896768
056.3078220498445 +31.6077864895541 216599186468093184
056.3535969458138 +31.6247284221358 216599289546988032
056.1619355844450 +31.4863489839462 216599392626093568
056.1783801327900 +31.4949711407100 216599426986261120
056.1632221225800 +31.5078905414100 216599500001476352
056.1877188542092 +31.5363704247371 216599637440409216
056.1746123006114 +31.5338330157311 216599839302797824
056.1675639008718 +31.5525031739517 216599908022376704
056.1582506278623 +31.5309162168455 216599804943161344
056.2091750162900 +31.5374458415500 216599946676848000
056.2061114663000 +31.5581020887600 216600045461413888
056.1929076060900 +31.5394457155700 216600015396292480
056.2143841237752 +31.5459877087658 216599976741937024
056.1956423586968 +31.5383825206948 216600015396292352
056.2268855703748 +31.5677922060337 216600182900367872
056.2273841301900 +31.5678596011300 216600187194878464
056.1710862370079 +31.5670870559037 216600285979499136
056.1995104666543 +31.5625443835214 216600251619553152
056.2059766805200 +31.5788052556700 216600354699219328
056.2034349488659 +31.5828012449322 216600423418695808
056.1931447215627 +31.5858045213387 216600423418245120
056.1980538193862 +31.5972688856907 216600457778276224
056.1267345171255 +31.5423956292418 216600530792266624
056.1084113296600 +31.5377574013000 216600565152169216
056.1290522842300 +31.5324596132900 216600530792699648
056.1383573164900 +31.5568897195900 216600633871583232
056.1491514958978 +31.5737612027087 216600732656098176
056.1353942548579 +31.5696932477161 216600736952055808
056.1314484650195 +31.5557388255182 216600702590958080
056.0882526814524 +31.5622285295727 216600840031258496
056.0863525196300 +31.5621016750900 216600840030046208
056.1151166730748 +31.5751627598730 216600908749386752
056.1144530085437 +31.5755871743664 216600904454790144
056.1779553418895 +31.5810062694378 216601076253482112
056.1984775130900 +31.6079955780500 216601217987200000
056.1916386552882 +31.6043887741688 216601213692521472
056.1751042190600 +31.5993138431300 216601252346906880
056.1407990677047 +31.6013474178642 216601321067587584
056.1793806617233 +31.6260332433080 216601488570564224
056.1530160038020 +31.6262242296633 216601522930082304
056.1630164712300 +31.6157747353206 216601454210604928
056.2560607379023 +31.5959211479155 216601694729016064
056.2785315877087 +31.6137697368254 216601832167812480
056.2742529504783 +31.5889743869892 216601729088595328
056.2271018308413 +31.6200326763866 216601973902615296
056.2351711023795 +31.5984055613594 216601870823400960
056.2263480898600 +31.6144652927100 216601973901933696
056.2413484884004 +31.6049023114955 216601900887288576
056.2213357886442 +31.6124692825467 216601935247162752
056.2232982279291 +31.6148604517478 216601973901271552
056.2486890204561 +31.6118853492867 216602008261046656
056.2350596652800 +31.6350391606100 216602076980659968
056.2393138164700 +31.6241534144800 216602076981845248
056.3166005501597 +31.6361902282331 216602278844412416
056.3151797504994 +31.6513290954989 216602347563889792
056.2619060103200 +31.6392214217500 216602420578043392
056.2696485617391 +31.6548917364381 216602523658428672
056.2765933595189 +31.6658950344341 216602523658428288
056.2887759664161 +31.6729604020344 216602622441955456
056.2060059436711 +31.6287305044045 216602764175252864
056.2147621675021 +31.6197221027722 216602695457121408
056.2145117953883 +31.6502049429797 216602901615551104
056.2436920760788 +31.6562435981636 216602862959966464
056.1939126811685 +31.6438377883942 216603000398624256
056.1975888433075 +31.6621535885366 216603107773990656
056.2513337501552 +31.6567007545009 216603240917088640
056.2425122923848 +31.6815636181733 216603343996305280
056.2835799930649 +31.6969109422037 216603417011624832
056.2586319063295 +31.6888036299822 216603451371363968
056.2618017211900 +31.7015879389100 216603447075683968
056.2787451012300 +31.6802173760100 216603382650719744
056.2631712672592 +31.7035441399726 216603481435390592
056.2629018343343 +31.6851881163722 216603378356043904
056.2228457408100 +31.6887484614600 216603515795152256
056.2240764840837 +31.7015671201946 216603618874214528
056.2443642254300 +31.7139423896800 216603721953590784
056.2331352093367 +31.7124574098431 216603726249270656
056.4307595780841 +31.5765172533299 216603794968748416
056.4092027827395 +31.5827028382706 216603863687148928
056.4327241057600 +31.5743183566800 216603794967672064
056.4131358612457 +31.5816388163210 216603859392188672
056.4148260392000 +31.5815670894700 216603863687051776
056.4226795262781 +31.5782740536549 216603790672896768
056.4436793134539 +31.6109372085087 216604031190882176
056.4544357752260 +31.6081244333099 216603962471405056
056.4608218328783 +31.6008131524520 216603962471404544
056.4380558802800 +31.6137707030800 216604001126006272
056.4562455536300 +31.6157561404500 216604035485744512
056.4614251080400 +31.6022513507700 216603966766267136
056.4370738490500 +31.5956992628400 216603932406528640
056.4320989684622 +31.6026089269724 216603996831328384
056.4367943149902 +31.6027587816189 216603996831328256
056.4438961802104 +31.6070774079992 216603996831328768
056.4423297527500 +31.5929751446700 216603932406728448
056.4132218245852 +31.6045690431697 216604104206409216
056.3869130669709 +31.6102925990809 216604138566131712
056.3960340778079 +31.5933335389148 216604065550804480
056.4017298041204 +31.6228872523025 216604172924594304
056.4057536563645 +31.6109551535822 216604168630021248
056.4156292628100 +31.6077142671800 216604099910544256
056.3944778487000 +31.6071609216000 216604134270282368
056.4038188837117 +31.5934267000863 216604069846671104
056.4441038086431 +31.6307973873777 216604241643995392
056.4148297068461 +31.6205668169333 216604276003737088
056.4142768866768 +31.6322149129066 216604271709052032
056.4191570213605 +31.6267056366155 216604276005084416
056.4197068914013 +31.6433365004611 216604306068976384
056.4269342913866 +31.6108129686838 216604202989573888
056.4692351659700 +31.6244121706300 216604344723390080
056.4722289985975 +31.6348006661887 216604447802425344
056.4614220411547 +31.6184322427608 216604340428527872
056.4739098128661 +31.6306638392686 216604379084298880
056.4662608004663 +31.6364101012608 216604447802533888
056.4741348976711 +31.6539958180751 216604546587145472
056.4502442337412 +31.6604977379244 216604718385651840
056.4412019258300 +31.6543930765100 216604688320774912
056.4402580621800 +31.6644462232100 216604722680860544
056.4475049054155 +31.6425137223838 216604615306621568
056.4620425596119 +31.6615105705683 216604752745390336
056.4681254112408 +31.6673137011082 216604752745390464
056.4727982757097 +31.6854895185876 216604860120634624
056.4630767921900 +31.6802628751600 216604855824950912
056.4739623063316 +31.6836592379208 216604855824793344
056.4685206969842 +31.6870890773098 216604855824793600
056.4714437182346 +31.6558327540499 216604757040070144
056.4726574787433 +31.6568929223645 216604757040070016
056.4747165999370 +31.6582904529987 216604752745576448
056.4663913964700 +31.6618283919900 216604752745735936
056.4602012714645 +31.6742070956429 216604825760897152
056.3881789457600 +31.6342561924500 216604928839039232
056.3934813960312 +31.6206750343956 216604924544265984
056.3684380710377 +31.6336444176944 216604958904004864
056.3838809006800 +31.6099494058800 216604894479204096
056.3756398537500 +31.6274069607900 216604958904139264
056.4152126373842 +31.6574315508864 216605061983035392
056.3862782732000 +31.6480427704500 216605100637635712
056.4101183004872 +31.6546555727643 216605066277897472
056.4081258736368 +31.6533505851562 216605061983221120
056.3987996455162 +31.6663364059273 216605130702699264
056.3513058751320 +31.6452338630221 216605233781726848
056.3566814462620 +31.6410793496583 216605169357112192
056.3589563500531 +31.6654887216134 216605272436221568
056.3728386320496 +31.6554644103833 216605199422175104
056.3604508007339 +31.6706302230887 216605268141652992
056.3462191545575 +31.6428532817357 216605233782046464
056.3716777702563 +31.6660755060289 216605371220867968
056.3822420469800 +31.6587095765700 216605302501523584
056.4293195215707 +31.6747572963585 216605474299896960
056.4280762555000 +31.6651044056600 216605439940502912
056.4242514286991 +31.6929696000765 216605543019561984
056.4354842201728 +31.7015642010233 216605646098590976
056.4351769834074 +31.6953542198765 216605650394617600
056.4606613120336 +31.6924556866319 216605616034878592
056.4323446090893 +31.6928386558953 216605646098776960
056.4521271952750 +31.6933365109546 216605616033604736
056.4542372319686 +31.7022366095273 216605680457767680
056.4295485879400 +31.6937032675100 216605650393265408
056.4417518030400 +31.7019513973200 216605680458516096
056.4291263574320 +31.6940538083844 216605646098777216
056.4513939045387 +31.6924218040832 216605611739038208
056.4505745293084 +31.6894399748210 216605577379113088
056.4466247160900 +31.6961129687200 216605684753385600
056.3939202145674 +31.7023761720279 216605787832220160
056.4145230156036 +31.7146979336565 216605920976498688
056.4045729923129 +31.7173079557444 216605925272524160
056.4220446116271 +31.7234737853640 216605955336425472
056.4431430277294 +31.7203057337134 216605886616947968
056.4691715312643 +31.7043648097777 216607093502272896
056.4550807673677 +31.7124783688680 216607162223104384
056.4407002227600 +31.7362417846600 216607432805335552
056.4388998890700 +31.7324915771800 216607437099847424
056.4462174952325 +31.7513642904058 216607471460780288
056.4476641760295 +31.7200557658341 216607368380178944
056.4470871309152 +31.7197137181084 216607364085697664
056.4506555471433 +31.7214000455679 216607364085511168
056.3247732727524 +31.6725461517618 216608261734751360
056.3307712794764 +31.6607463915385 216608193014015744
056.3366968096828 +31.6604721500266 216608193014089856
056.3426279424124 +31.6831128111652 216608296093305472
056.3425751673002 +31.6686573142877 216608223078965888
056.3468717745284 +31.6756201831216 216608223079153152
056.3294574246342 +31.6752520162190 216608257439023488
056.3564481392131 +31.7021109127081 216608433533443072
056.3492436798900 +31.6904417692500 216608399172615808
056.3699026035714 +31.7007382105597 216608360518108928
056.3559156223650 +31.7081646586288 216608429237715712
056.3203411987968 +31.6892854177657 216608463597136128
056.3082840079900 +31.6856492520487 216608467893164800
056.3159540947240 +31.6884778398035 216608467891814784
056.3537716343663 +31.7149004236140 216608639691856256
056.3280211773462 +31.7083088419966 216608669755754752
056.3361485548358 +31.7122433764853 216608605330952192
056.3444780511226 +31.7239066889613 216608708411332864
056.3418461883039 +31.7157069869769 216608635395830144
056.3884007168363 +31.7123536514227 216608772834782976
056.3812771345664 +31.7094829237355 216608738475044352
056.3750892390680 +31.7167048816410 216608811490547584
056.3859587915800 +31.7309820810800 216608845849121792
056.3858691289100 +31.7263005898900 216608845850314880
056.3791119222263 +31.7352641937065 216608841554449408
056.3814571358012 +31.7273554243999 216608841554448768
056.3852595216500 +31.7275681616200 216608845849121408
056.3849005505800 +31.7274374140200 216608841554576256
056.4151189940900 +31.7450385719700 216608910274085248
056.4244180685223 +31.7373959297788 216608914569760512
056.3983404198313 +31.7262312916231 216608875914187008
056.4139369950304 +31.7452397299059 216608910273926912
056.4095006961561 +31.7387022043067 216608910273926400
056.4071025033230 +31.7204080500864 216608875914186240
056.3982197928944 +31.7284014754988 216608875914314752
056.3933332184243 +31.7320723463335 216608948929500032
056.3596526285691 +31.7212414506400 216609017648977920
056.3789916778213 +31.7641909393689 216609253871123968
056.3894190363566 +31.7653619171880 216609185151960576
056.2926991237246 +31.7209558682923 216609395606117248
056.3296420371800 +31.7444892753600 216609464324674816
056.3170632366154 +31.7516441512792 216609528749218688
056.3097298104600 +31.7399951172100 216609498684152192
056.3155780405500 +31.7595768478100 216609533043699072
056.2695607607048 +31.7514046825665 216609666188172416
056.2881397649855 +31.7521388362855 216609700547721344
056.2920483296374 +31.7483722748337 216609700547721216
056.3387042506400 +31.7608698769262 216609872346414080
056.3293721997200 +31.7476228993900 216609837987020928
056.3460699193705 +31.7762049679385 216610048439886848
056.3230978125350 +31.7738240876194 216610117160604160
056.3044619249423 +31.7927570260500 216610185880080256
056.3279431692800 +31.7958909376500 216610319023357952
056.3366383556519 +31.7917067449617 216610250303881472
056.3488153411037 +31.7984547547086 216610284663468288
056.3452944082001 +31.8038186748151 216610284663468544
056.3420663074141 +31.7868305806655 216610250303538176
056.3368075348753 +31.7994979399033 216610254598399744
056.3236043420400 +31.7987306900000 216610323318072320
056.4280796889203 +31.7414074843000 216610387742676352
056.4305165923498 +31.7613592728051 216610426398248064
056.4264165648600 +31.7550572140500 216610392037348992
056.4210875002500 +31.7510607064900 216610392037348864
056.4419076825225 +31.7607502497403 216610422102417408
056.4301446450415 +31.7782656078411 216610593901110784
056.3867178134588 +31.7812208513978 216610735635893504
056.4086616664108 +31.7711217083124 216610662620586880
056.4165836851056 +31.7821286440465 216610696980449024
056.3736848271000 +31.8001767318100 216611555973948288
056.3827524822000 +31.8197430890300 216611590333527936
056.3756373534187 +31.8002104535764 216611555973597312
056.3884614363480 +31.8028141291217 216611521613859328
056.3768055218123 +31.7988061246630 216611487254311040
056.3733083429021 +31.8121680329834 216611555973788800
056.3453720232603 +31.8193822934565 216611835147520000
056.3506149188527 +31.8210592463611 216611830851697024
056.3766581066798 +31.8236042769035 216611796491958784
056.0681389159702 +31.5716228913993 216612586765835008
056.0906678731915 +31.6220662382569 216612827284004992
056.1016562534300 +31.5997566805300 216612724205030784
056.1110260236700 +31.6080209553500 216612762859292288
056.0459195703527 +31.6046172630098 216612934659157376
056.0470706417775 +31.6111274215782 216612934659157120
056.0457455411152 +31.6125433622786 216612934659156992
056.0612902125818 +31.6066680260500 216612900299418496
056.0659911914812 +31.6067827298780 216612896003480960
056.0742155184371 +31.6232911148943 216613003377290624
056.0742931088391 +31.6343117904974 216613102161912448
056.0660119417926 +31.6191544551240 216613003378633344
056.1133718499399 +31.6307128088682 216613205240918912
056.1083536382344 +31.6306260869110 216613209537062656
056.1213659515063 +31.6237313638225 216613136521650560
056.1249190858378 +31.6494961689043 216613342680081408
056.1084731198320 +31.6470440085687 216613445759539584
056.1042828989662 +31.6566198748584 216613445759296896
056.1162075994600 +31.6558962227500 216613553133210624
056.0384797696190 +31.6232068493677 216613720637202432
056.0239093150674 +31.6359641270649 216613789356679936
056.0201085218818 +31.6348406322766 216613759292797568
056.0369935877946 +31.6271822039606 216613724933059072
056.0204863202700 +31.6184687774300 216613690572163840
056.0283302471229 +31.6192452463044 216613690572163712
056.0576896047888 +31.6541103740741 216613862372012032
056.0326456104191 +31.6514567397539 216613892435687040
056.0014741423241 +31.6566609936500 216614034170704256
056.0143157038365 +31.6550928250627 216613999810965760
056.0031473539900 +31.6394208391600 216613965450071168
056.0019166575300 +31.6584403806300 216614068529286528
056.0302896978416 +31.6525667367550 216614102890180736
056.1062229333808 +31.6930082773049 216614407832191488
056.0462443195357 +31.6882430448408 216614510911428352
056.1439606869464 +31.7122539776578 216615163746417408
056.1689291782777 +31.7178603813955 216615236760277248
056.1491208664063 +31.7087385557126 216615271120129536
056.2047965007755 +31.7248792110422 216615442920054272
056.2034176051560 +31.7175114944633 216615404264476288
056.2244250141645 +31.7489762010531 216615576063171200
056.1860052678773 +31.7293689864130 216615610422815744
056.1929294195061 +31.7443213190355 216615644782647552
056.1946744017135 +31.7336950850992 216615649077251840
056.2088820356324 +31.7480525281671 216615747861862912
056.1155676087774 +31.7309187949977 216615988379937664
056.1188669997700 +31.7351620631800 216615988380186880
056.1453794071780 +31.7377733486144 216616061395345152
056.1397676087900 +31.7190462939700 216616022739925632
056.0925666813616 +31.7540872729837 216616263257635968
056.0941647756866 +31.7318300258050 216616160178830208
056.1182216760723 +31.7778214373248 216616404991112320
056.1517802119600 +31.7543733812600 216616508071943168
056.1633096634702 +31.7474871928048 216616439352466560
056.1512593042177 +31.7543264403628 216616503775352448
056.1918722978358 +31.7938785977477 216616679869283200
056.1887959358073 +31.7938946015444 216616679869328384
056.1865063256600 +31.8012850787500 216616675574707712
056.1908041325846 +31.7783032645272 216616606855229696
056.1885896528616 +31.7837444647521 216616606855230208
056.1394850382094 +31.7718012692577 216616709934444416
056.1294692492693 +31.7884259882712 216616782949771392
056.1488551839000 +31.7893274795100 216616748589046144
056.1511037872498 +31.7915984345491 216616748588805248
056.1306725066755 +31.7873598297343 216616782948543744
056.1203442351656 +31.7808145028471 216616782948233600
056.1442006036736 +31.7740820219004 216616709934444672
056.1595495094700 +31.7859851238300 216616851669352320
056.1598524857804 +31.8098479237154 216616954747235200
056.1602946337722 +31.7983746765666 216616847373188736
056.1563019815774 +31.8029789531507 216616920387573760
056.0015739732206 +31.6750079371588 216617019171879168
056.0118180326543 +31.7021743212371 216617225330518272
056.0078652380000 +31.6835988147800 216617126545622144
056.0090872931997 +31.6756389842398 216617122251302528
056.0269540198437 +31.7236430484609 216617641943232000
056.0279858590552 +31.7229235940357 216617641943232128
056.0375331242471 +31.7035157265001 216617538862482048
056.0287393124600 +31.7156121109500 216617603287889024
056.0373194224000 +31.7034192143000 216617538864017152
056.0529831471221 +31.7362071713807 216617672007366656
056.0575251288114 +31.7318246863887 216617672007337344
056.0626853473562 +31.7494628114788 216617775086427520
056.0196177240955 +31.7435143313488 216617848101661952
056.0133966797552 +31.7262643601982 216617809445861888
056.0145205699300 +31.7277123567900 216617813740769792
056.0033247791800 +31.7535070406600 216617916819985792
056.0315599690961 +31.7451600942461 216617946884815744
056.0292536319700 +31.7767895207800 216618049964487936
056.0416455150559 +31.7693003973684 216617981244763904
056.0427536987600 +31.7579154623900 216617981244763648
056.0290031409631 +31.7533246789252 216617946885025152
056.0628666922100 +31.7576895928500 216619252555331712
056.0372655483484 +31.7855823454365 216619531727304960
056.0578706606935 +31.7740536661345 216619458713513984
056.0800450267136 +31.7882881332333 216619596152468352
056.0815132714700 +31.8033198897600 216619630512462592
056.0831601525118 +31.7928025492506 216619596152667392
056.0687591080876 +31.7890925401234 216619596152667264
056.0665867995734 +31.8125816636710 216619699231684736
056.1139615478200 +31.7907767376100 216619737886119808
056.1084473753468 +31.8090115013301 216619806605549312
056.1253202557084 +31.8082312589907 216619767951161344
056.1328598196224 +31.8005881370239 216619767951160704
056.1425357709002 +31.8325476041920 216619974109847680
056.1380846757129 +31.8231545063605 216619871030166144
056.1281353393626 +31.8214997211136 216619944044160512
056.1330262147700 +31.8358465190900 216619978404321408
056.0966245537963 +31.8166363264044 216620012763637888
056.1022747199309 +31.8145116056344 216620008469330176
056.1284565840814 +31.8478528334830 216620180268024064
056.2508681508418 +31.7729021610385 216621485937983744
056.2299442034547 +31.7620066235936 216621451578434048
056.2351497858182 +31.7601309224119 216621451578433920
056.2433537177900 +31.7503083440000 216621387154137472
056.2482533557791 +31.7772642835146 216621490232653312
056.2360230965790 +31.7604329897567 216621455872962432
056.2724915793200 +31.7809313238200 216621524592677248
056.2566851010346 +31.7784911639697 216621589017388928
056.2235366296000 +31.7786631050500 216621730752185984
056.2238017080500 +31.7785149855200 216621730750869120
056.2324864221636 +31.7969833152265 216621760816083328
056.2260130196802 +31.7869799578544 216621760816081664
056.2408986646909 +31.7897571372533 216621696391130496
056.2626198344824 +31.8107098102353 216621829535560960
056.3087876820348 +31.8062847081577 216621966974323968
056.2910662973000 +31.7857037490500 216621936909444224
056.2884191133824 +31.7887135735775 216621932614583680
056.2960502487865 +31.8044896496888 216621966974323840
056.3267094583400 +31.8357416202000 216622108708232192
056.3051739420578 +31.8352094163698 216622143069030656
056.3043356572485 +31.8351404118520 216622143069030784
056.3205694573600 +31.8363769669600 216622177428802944
056.3242316835194 +31.8343477065058 216622104413470336
056.3227689512704 +31.8384088170784 216622173133065344
056.2710477007600 +31.8129305343700 216622211787547392
056.2845693133800 +31.8241640529500 216622246147297408
056.2712161014100 +31.8136174722400 216622207492683264
056.2594249999992 +31.8276368964608 216622280506711552
056.2999556579719 +31.8361633109844 216622349227488640
056.2931735505168 +31.8375893118126 216622344931795584
056.3030689435690 +31.8406987800555 216622383586047360
056.2134917215467 +31.8112954767703 216622516730019840
056.2161872690191 +31.7953618015600 216622516730327040
056.2390677480500 +31.8346495029600 216622658464047360
056.2183644605337 +31.8256844226263 216622692823491200
056.2145856664855 +31.8225428319454 216622688528712448
056.2231442132800 +31.8445757945800 216622929047347456
056.2175932916560 +31.8463088183413 216622933343014400
056.2076769227345 +31.8444536079149 216622898981972608
056.1988585635190 +31.8494569381474 216622963406620416
056.2104387327511 +31.8550137916685 216622997766359040
056.1861907562841 +31.8497644240647 216622963406832000
056.1892568826907 +31.8509931541633 216622967702675712
056.2065145345521 +31.8577228955890 216622997766672000
056.2500064923621 +31.8493815336179 216623139501443968
056.2395734403800 +31.8555852461400 216623100846002048
056.2263216507300 +31.8565677427600 216623307004469632
056.3257776458519 +31.8416100254108 216623654896156672
056.1612508560311 +31.8531403999085 216625883984593792
056.1823588521200 +31.8606500978100 216625922640281600
056.1817870955482 +31.8522691228304 216625922639027456
056.1855286758494 +31.8618114188667 216625922639011840
