RA_1_1,DEC_1_1,sep
56.40844798628,31.52041065292,2.0
56.4119722079324,31.5313768716639,2.0
56.40152622495,31.52122697808,2.0
56.3951678014607,31.5314416913882,2.0
56.414719429639,31.5364173766909,2.0
56.4207791663837,31.5352916138119,2.0
56.42113427807,31.5567295541,2.0
56.1370385678115,31.4523567973433,2.0
56.1227577607251,31.453603680861,2.0
56.13629667001,31.45154739899,2.0
56.1324204069971,31.4629276440693,2.0
56.1364408919737,31.4627810774633,2.0
56.13773064002,31.48851458407,2.0
56.1001189204137,31.4664963343371,2.0
56.0802188287151,31.4784903060854,2.0
56.1258375191869,31.4905848288088,2.0
56.1385895073202,31.4967757717251,2.0
56.1019855974357,31.5019164477256,2.0
56.1134363478559,31.5001195025166,2.0
56.1280693364951,31.5091900292166,2.0
56.064043492037,31.5029541987071,2.0
56.0671804907566,31.4992680591496,2.0
56.0561372381374,31.4954527198507,2.0
56.095503058397,31.5170625458622,2.0
56.0904169261918,31.5046296229665,2.0
56.1040820455336,31.5104686867976,2.0
56.09295495699,31.50728690658,2.0
56.085054877434,31.5291227201695,2.0
56.11468575183,31.51870079978,2.0
56.042914554411,31.5170006098459,2.0
56.052002059333,31.5170756673526,2.0
56.0515610744191,31.53273951138,2.0
56.051916594435,31.5378808939016,2.0
56.0380561400438,31.5258826184367,2.0
56.0758769565826,31.5583114218101,2.0
56.0825621781822,31.5352438701353,2.0
56.0725045263,31.55999512949,2.0
56.0802067400846,31.5445921126394,2.0
56.0774975338562,31.5276917772941,2.0
56.072474475211,31.5596005620975,2.0
56.0891518039035,31.5402529639667,2.0
56.0761733012039,31.5330995511518,2.0
56.0641666810042,31.5458683880468,2.0
56.0276437362678,31.5407934726102,2.0
56.0349228210606,31.5456432627277,2.0
56.0368675545979,31.5336126433403,2.0
56.04263236024,31.54380439939,2.0
56.0538678007766,31.5509819884144,2.0
56.0411926298782,31.5722893915444,2.0
56.0254481570727,31.5762524577942,2.0
56.0308764783564,31.5689278722455,2.0
56.0313457300927,31.5998524103299,2.0
56.2674531861522,31.4917284087311,2.0
56.2715885101018,31.480773303036,2.0
56.3054899492595,31.4952705433132,2.0
56.2931272801337,31.4935837209052,2.0
56.3039530875618,31.4875509383253,2.0
56.28390953677,31.50185411917,2.0
56.30133593793,31.48758303155,2.0
56.2913727727474,31.5008190501132,2.0
56.2376557417234,31.4876015780773,2.0
56.2263743782902,31.4898296961481,2.0
56.2382787368124,31.4748405164641,2.0
56.2262004305965,31.4815156662365,2.0
56.2221141470508,31.4795731980357,2.0
56.1873567123,31.46456264403,2.0
56.1879444038219,31.4648875185322,2.0
56.1882883164303,31.4725949587684,2.0
56.1904683042062,31.4880350718748,2.0
56.205330051346,31.5046022667366,2.0
56.2190217833212,31.4928291352567,2.0
56.2073480719095,31.48381647598,2.0
56.2044843405837,31.4827122589488,2.0
56.242163037765,31.4956718687056,2.0
56.2537019090992,31.4979799375622,2.0
56.26310440246,31.49979801988,2.0
56.2308919763018,31.4974772013954,2.0
56.2629187854025,31.5073185223311,2.0
56.2841772376762,31.5118106584899,2.0
56.2699883046829,31.5265151967877,2.0
56.2766459854767,31.5168804123741,2.0
56.2712738279584,31.5390369171737,2.0
56.27088067424,31.53751454436,2.0
56.2303416792954,31.5182784565043,2.0
56.2281096136931,31.526029656611,2.0
56.2343711605486,31.5148850393755,2.0
56.2190482926546,31.525791649147,2.0
56.2432466273048,31.5173371288422,2.0
56.2471437738186,31.5498403330154,2.0
56.2500213149005,31.5224308422844,2.0
56.2423250668097,31.5391340416458,2.0
56.3337018957542,31.5054880486565,2.0
56.328164845205,31.5048831586073,2.0
56.373289376801,31.5131755909088,2.0
56.3490483756726,31.5152604101864,2.0
56.3207643617298,31.5306508712465,2.0
56.3052701168415,31.5095188150656,2.0
56.3098612162189,31.5075758725873,2.0
56.3480212971903,31.5464711346762,2.0
56.3374935712583,31.5498277161773,2.0
56.3571613236117,31.5435931712756,2.0
56.3804330672267,31.5504457784421,2.0
56.36329168183,31.54913075095,2.0
56.3656713282637,31.5747783418811,2.0
56.36330377704,31.57009422453,2.0
56.3767007535291,31.5602727209167,2.0
56.3726213425387,31.5615251915876,2.0
56.3683555359722,31.5503361565833,2.0
56.392086625685,31.5850887981729,2.0
56.3925543839901,31.5853582168847,2.0
56.2977607826294,31.532830630369,2.0
56.2795706919402,31.5429182740381,2.0
56.30250041372,31.55140773451,2.0
56.2963691634312,31.5260671509555,2.0
56.3235285330429,31.5714145756133,2.0
56.3197875356652,31.5702198228176,2.0
56.2603941232625,31.5658606698632,2.0
56.2591811206776,31.5584409098432,2.0
56.25130167377,31.56435191244,2.0
56.25726868458,31.55923802642,2.0
56.2855092784245,31.5770397391133,2.0
56.2880815478585,31.5853272957107,2.0
56.3042492445985,31.5918049533999,2.0
56.3378375604063,31.5735682013929,2.0
56.33925267758,31.5851895097511,2.0
56.3418322303689,31.5774636735232,2.0
56.372276200742,31.6048574061785,2.0
56.3698211997572,31.6089173499156,2.0
56.3524653417127,31.603935437347,2.0
56.34357932409,31.60289267705,2.0
56.3183907675219,31.6250011370911,2.0
56.331468725594,31.6026458282372,2.0
56.3016861644155,31.603753501731,2.0
56.31447945266,31.61200767217,2.0
56.3078220498445,31.6077864895541,2.0
56.3535969458138,31.6247284221358,2.0
56.161935584445,31.4863489839462,2.0
56.17838013279,31.49497114071,2.0
56.1877188542092,31.5363704247371,2.0
56.1746123006114,31.5338330157311,2.0
56.1675639008718,31.5525031739517,2.0
56.1582506278623,31.5309162168455,2.0
56.20917501629,31.53744584155,2.0
56.2061114663,31.55810208876,2.0
56.19290760609,31.53944571557,2.0
56.2143841237752,31.5459877087658,2.0
56.2268855703748,31.5677922060337,2.0
56.22738413019,31.56785960113,2.0
56.1710862370079,31.5670870559037,2.0
56.1995104666543,31.5625443835214,2.0
56.20597668052,31.57880525567,2.0
56.2034349488659,31.5828012449322,2.0
56.1931447215627,31.5858045213387,2.0
56.1980538193862,31.5972688856907,2.0
56.1267345171255,31.5423956292418,2.0
56.1491514958978,31.5737612027087,2.0
56.1353942548579,31.5696932477161,2.0
56.1314484650195,31.5557388255182,2.0
56.0882526814524,31.5622285295727,2.0
56.08635251963,31.56210167509,2.0
56.1151166730748,31.575162759873,2.0
56.1144530085437,31.5755871743664,2.0
56.1779553418895,31.5810062694378,2.0
56.19847751309,31.60799557805,2.0
56.1916386552882,31.6043887741688,2.0
56.17510421906,31.59931384313,2.0
56.1407990677047,31.6013474178642,2.0
56.1793806617233,31.626033243308,2.0
56.153016003802,31.6262242296633,2.0
56.16301647123,31.6157747353206,2.0
56.2560607379023,31.5959211479155,2.0
56.2785315877087,31.6137697368254,2.0
56.2742529504783,31.5889743869892,2.0
56.2271018308413,31.6200326763866,2.0
56.2351711023795,31.5984055613594,2.0
56.2413484884004,31.6049023114955,2.0
56.2213357886442,31.6124692825467,2.0
56.2232982279291,31.6148604517478,2.0
56.2486890204561,31.6118853492867,2.0
56.23505966528,31.63503916061,2.0
56.23931381647,31.62415341448,2.0
56.3166005501597,31.6361902282331,2.0
56.3151797504994,31.6513290954989,2.0
56.26190601032,31.63922142175,2.0
56.2696485617391,31.6548917364381,2.0
56.2765933595189,31.6658950344341,2.0
56.2887759664161,31.6729604020344,2.0
56.2060059436711,31.6287305044045,2.0
56.2147621675021,31.6197221027722,2.0
56.2145117953883,31.6502049429797,2.0
56.2436920760788,31.6562435981636,2.0
56.1939126811685,31.6438377883942,2.0
56.1975888433075,31.6621535885366,2.0
56.2513337501552,31.6567007545009,2.0
56.2425122923848,31.6815636181733,2.0
56.2835799930649,31.6969109422037,2.0
56.2586319063295,31.6888036299822,2.0
56.26180172119,31.70158793891,2.0
56.27874510123,31.68021737601,2.0
56.2631712672592,31.7035441399726,2.0
56.2629018343343,31.6851881163722,2.0
56.22284574081,31.68874846146,2.0
56.2240764840837,31.7015671201946,2.0
56.24436422543,31.71394238968,2.0
56.2331352093367,31.7124574098431,2.0
56.4092027827395,31.5827028382706,2.0
56.4131358612457,31.581638816321,2.0
56.4148260392,31.58156708947,2.0
56.4226795262781,31.5782740536549,2.0
56.4132218245852,31.6045690431697,2.0
56.3869130669709,31.6102925990809,2.0
56.4017298041204,31.6228872523025,2.0
56.4057536563645,31.6109551535822,2.0
56.41562926281,31.60771426718,2.0
56.4038188837117,31.5934267000863,2.0
56.4148297068461,31.6205668169333,2.0
56.4142768866768,31.6322149129066,2.0
56.4191570213605,31.6267056366155,2.0
56.4197068914013,31.6433365004611,2.0
56.4269342913866,31.6108129686838,2.0
56.38817894576,31.63425619245,2.0
56.3934813960312,31.6206750343956,2.0
56.3684380710377,31.6336444176944,2.0
56.38388090068,31.60994940588,2.0
56.37563985375,31.62740696079,2.0
56.4152126373842,31.6574315508864,2.0
56.4081258736368,31.6533505851562,2.0
56.3987996455162,31.6663364059273,2.0
56.351305875132,31.6452338630221,2.0
56.356681446262,31.6410793496583,2.0
56.3589563500531,31.6654887216134,2.0
56.3728386320496,31.6554644103833,2.0
56.3604508007339,31.6706302230887,2.0
56.3462191545575,31.6428532817357,2.0
56.3716777702563,31.6660755060289,2.0
56.38224204698,31.65870957657,2.0
56.4242514286991,31.6929696000765,2.0
56.3939202145674,31.7023761720279,2.0
56.4145230156036,31.7146979336565,2.0
56.4045729923129,31.7173079557444,2.0
56.4220446116271,31.723473785364,2.0
56.3247732727524,31.6725461517618,2.0
56.3307712794764,31.6607463915385,2.0
56.3366968096828,31.6604721500266,2.0
56.3425751673002,31.6686573142877,2.0
56.3468717745284,31.6756201831216,2.0
56.3294574246342,31.675252016219,2.0
56.3564481392131,31.7021109127081,2.0
56.3699026035714,31.7007382105597,2.0
56.355915622365,31.7081646586288,2.0
56.3203411987968,31.6892854177657,2.0
56.30828400799,31.6856492520487,2.0
56.315954094724,31.6884778398035,2.0
56.3537716343663,31.714900423614,2.0
56.3280211773462,31.7083088419966,2.0
56.3361485548358,31.7122433764853,2.0
56.3444780511226,31.7239066889613,2.0
56.3418461883039,31.7157069869769,2.0
56.3884007168363,31.7123536514227,2.0
56.3812771345664,31.7094829237355,2.0
56.375089239068,31.716704881641,2.0
56.3791119222263,31.7352641937065,2.0
56.3814571358012,31.7273554243999,2.0
56.38525952165,31.72756816162,2.0
56.38490055058,31.72743741402,2.0
56.41511899409,31.74503857197,2.0
56.4244180685223,31.7373959297788,2.0
56.3983404198313,31.7262312916231,2.0
56.4139369950304,31.7452397299059,2.0
56.4095006961561,31.7387022043067,2.0
56.407102503323,31.7204080500864,2.0
56.3982197928944,31.7284014754988,2.0
56.3933332184243,31.7320723463335,2.0
56.3596526285691,31.72124145064,2.0
56.3789916778213,31.7641909393689,2.0
56.3894190363566,31.765361917188,2.0
56.2926991237246,31.7209558682923,2.0
56.32964203718,31.74448927536,2.0
56.3170632366154,31.7516441512792,2.0
56.2695607607048,31.7514046825665,2.0
56.2881397649855,31.7521388362855,2.0
56.2920483296374,31.7483722748337,2.0
56.33870425064,31.7608698769262,2.0
56.32937219972,31.74762289939,2.0
56.3460699193705,31.7762049679385,2.0
56.323097812535,31.7738240876194,2.0
56.3044619249423,31.79275702605,2.0
56.32794316928,31.79589093765,2.0
56.3366383556519,31.7917067449617,2.0
56.3488153411037,31.7984547547086,2.0
56.3452944082001,31.8038186748151,2.0
56.3420663074141,31.7868305806655,2.0
56.3368075348753,31.7994979399033,2.0
56.32360434204,31.79873069,2.0
56.42641656486,31.75505721405,2.0
56.3867178134588,31.7812208513978,2.0
56.4086616664108,31.7711217083124,2.0
56.4165836851056,31.7821286440465,2.0
56.3827524822,31.81974308903,2.0
56.3756373534187,31.8002104535764,2.0
56.388461436348,31.8028141291217,2.0
56.3768055218123,31.798806124663,2.0
56.3733083429021,31.8121680329834,2.0
56.3453720232603,31.8193822934565,2.0
56.3506149188527,31.8210592463611,2.0
56.3766581066798,31.8236042769035,2.0
56.0681389159702,31.5716228913993,2.0
56.0906678731915,31.6220662382569,2.0
56.11102602367,31.60802095535,2.0
56.0459195703527,31.6046172630098,2.0
56.0470706417775,31.6111274215782,2.0
56.0457455411152,31.6125433622786,2.0
56.0612902125818,31.60666802605,2.0
56.0659911914812,31.606782729878,2.0
56.0742155184371,31.6232911148943,2.0
56.0742931088391,31.6343117904974,2.0
56.0660119417926,31.619154455124,2.0
56.1133718499399,31.6307128088682,2.0
56.1083536382344,31.630626086911,2.0
56.1213659515063,31.6237313638225,2.0
56.1249190858378,31.6494961689043,2.0
56.108473119832,31.6470440085687,2.0
56.1042828989662,31.6566198748584,2.0
56.11620759946,31.65589622275,2.0
56.038479769619,31.6232068493677,2.0
56.0239093150674,31.6359641270649,2.0
56.0369935877946,31.6271822039606,2.0
56.0283302471229,31.6192452463044,2.0
56.0576896047888,31.6541103740741,2.0
56.0302896978416,31.652566736755,2.0
56.1062229333808,31.6930082773049,2.0
56.0462443195357,31.6882430448408,2.0
56.1439606869464,31.7122539776578,2.0
56.1689291782777,31.7178603813955,2.0
56.1491208664063,31.7087385557126,2.0
56.2047965007755,31.7248792110422,2.0
56.203417605156,31.7175114944633,2.0
56.2244250141645,31.7489762010531,2.0
56.1860052678773,31.729368986413,2.0
56.1929294195061,31.7443213190355,2.0
56.1946744017135,31.7336950850992,2.0
56.2088820356324,31.7480525281671,2.0
56.1155676087774,31.7309187949977,2.0
56.11886699977,31.73516206318,2.0
56.145379407178,31.7377733486144,2.0
56.13976760879,31.71904629397,2.0
56.0925666813616,31.7540872729837,2.0
56.0941647756866,31.731830025805,2.0
56.1182216760723,31.7778214373248,2.0
56.15178021196,31.75437338126,2.0
56.1633096634702,31.7474871928048,2.0
56.1512593042177,31.7543264403628,2.0
56.1918722978358,31.7938785977477,2.0
56.1887959358073,31.7938946015444,2.0
56.18650632566,31.80128507875,2.0
56.1908041325846,31.7783032645272,2.0
56.1885896528616,31.7837444647521,2.0
56.1294692492693,31.7884259882712,2.0
56.1488551839,31.78932747951,2.0
56.1511037872498,31.7915984345491,2.0
56.1306725066755,31.7873598297343,2.0
56.1203442351656,31.7808145028471,2.0
56.1442006036736,31.7740820219004,2.0
56.1598524857804,31.8098479237154,2.0
56.1602946337722,31.7983746765666,2.0
56.1563019815774,31.8029789531507,2.0
56.0269540198437,31.7236430484609,2.0
56.0279858590552,31.7229235940357,2.0
56.0375331242471,31.7035157265001,2.0
56.0373194224,31.7034192143,2.0
56.0529831471221,31.7362071713807,2.0
56.0575251288114,31.7318246863887,2.0
56.0626853473562,31.7494628114788,2.0
56.0315599690961,31.7451600942461,2.0
56.02925363197,31.77678952078,2.0
56.0416455150559,31.7693003973684,2.0
56.04275369876,31.75791546239,2.0
56.0290031409631,31.7533246789252,2.0
56.06286669221,31.75768959285,2.0
56.0372655483484,31.7855823454365,2.0
56.0578706606935,31.7740536661345,2.0
56.0800450267136,31.7882881332333,2.0
56.08151327147,31.80331988976,2.0
56.0831601525118,31.7928025492506,2.0
56.0687591080876,31.7890925401234,2.0
56.0665867995734,31.812581663671,2.0
56.11396154782,31.79077673761,2.0
56.1084473753468,31.8090115013301,2.0
56.1253202557084,31.8082312589907,2.0
56.1328598196224,31.8005881370239,2.0
56.1425357709002,31.832547604192,2.0
56.1380846757129,31.8231545063605,2.0
56.1281353393626,31.8214997211136,2.0
56.13302621477,31.83584651909,2.0
56.0966245537963,31.8166363264044,2.0
56.1022747199309,31.8145116056344,2.0
56.1284565840814,31.847852833483,2.0
56.2508681508418,31.7729021610385,2.0
56.2299442034547,31.7620066235936,2.0
56.2351497858182,31.7601309224119,2.0
56.24335371779,31.750308344,2.0
56.2482533557791,31.7772642835146,2.0
56.236023096579,31.7604329897567,2.0
56.2566851010346,31.7784911639697,2.0
56.2235366296,31.77866310505,2.0
56.22380170805,31.77851498552,2.0
56.2324864221636,31.7969833152265,2.0
56.2260130196802,31.7869799578544,2.0
56.2626198344824,31.8107098102353,2.0
56.3087876820348,31.8062847081577,2.0
56.2884191133824,31.7887135735775,2.0
56.2960502487865,31.8044896496888,2.0
56.3051739420578,31.8352094163698,2.0
56.3043356572485,31.835140411852,2.0
56.32056945736,31.83637696696,2.0
56.3242316835194,31.8343477065058,2.0
56.3227689512704,31.8384088170784,2.0
56.27104770076,31.81293053437,2.0
56.28456931338,31.82416405295,2.0
56.27121610141,31.81361747224,2.0
56.2594249999992,31.8276368964608,2.0
56.2999556579719,31.8361633109844,2.0
56.2931735505168,31.8375893118126,2.0
56.303068943569,31.8406987800555,2.0
56.2134917215467,31.8112954767703,2.0
56.2161872690191,31.79536180156,2.0
56.23906774805,31.83464950296,2.0
56.2183644605337,31.8256844226263,2.0
56.2145856664855,31.8225428319454,2.0
56.22314421328,31.84457579458,2.0
56.217593291656,31.8463088183413,2.0
56.2076769227345,31.8444536079149,2.0
56.198858563519,31.8494569381474,2.0
56.2104387327511,31.8550137916685,2.0
56.1861907562841,31.8497644240647,2.0
56.1892568826907,31.8509931541633,2.0
56.2065145345521,31.857722895589,2.0
56.2500064923621,31.8493815336179,2.0
56.23957344038,31.85558524614,2.0
56.22632165073,31.85656774276,2.0
56.3257776458519,31.8416100254108,2.0
56.1612508560311,31.8531403999085,2.0
56.1855286758494,31.8618114188667,2.0
