056.1407693734367 +31.9750797729372 216627812425858432
056.2136633682903 +31.9869091929182 216629113800124544
056.2197107946229 +32.0157006509174 216629530412699008
056.2545074871248 +32.0405655071199 216629732274649856
056.2677385785280 +32.0515453291477 216629874010076544
056.2726011917357 +32.0522027883282 216629869714526464
056.2740247906534 +32.0522264976992 216629874010075776
056.2558871077398 +32.0838162003260 216630144591496832
056.2632693014386 +32.0681910277111 216630080168504192
056.2410190503904 +32.0670977028137 216630114528244480
056.2544863374864 +32.0555511061226 216630045808768640
056.2831775621383 +32.0671991954130 216653341711378560
056.2818177952560 +32.0607788580442 216653337414917888
056.2917389586309 +32.0801861505121 216653371774925440
056.3181020264611 +32.1055305662588 216653513510060032
056.2781319437485 +32.0931047510033 216653577933366144
056.2815732984400 +32.0871560326500 216653577934000640
056.2615859809400 +32.0955484340700 216653616588333440
056.2620973576961 +32.0975060418631 216653616587969408
056.2761606400871 +32.0978586083499 216653650947835648
056.2785280587330 +32.0947835728689 216653577933853696
056.2675554065909 +32.0997662501589 216653650947438208
056.2850195686087 +32.1171873288777 216653749731821568
056.2799197970100 +32.1140942174700 216653749732707328
056.3271386583593 +32.1042392949229 216653891467181696
056.3212211864472 +32.1321397947631 216654131984022528
056.3257611114600 +32.1317316364432 216654131984320512
056.3272565916501 +32.1302154054194 216654131985430528
056.3153678370707 +32.1368267611398 216654200704824064
056.3379446174200 +32.1533496730000 216654235064706944
056.3258298168586 +32.1612489594035 216654303783015680
056.3369203851730 +32.1364232984688 216654235062958208
056.3365449901775 +32.1445640031122 216654235064560384
056.3300892833101 +32.1557325459578 216654303784036480
056.3257651131400 +32.1479564991321 216654303784037504
056.3370943230353 +32.1543809738216 216654235064559232
056.0008319442914 +31.9727348631739 216669658291208448
055.9776750408700 +32.0082985249600 216672686244092928
056.0659744113383 +31.9935537815995 216674674813091072
056.0764100428486 +31.9634126433802 216674576029703040
056.1244943104932 +31.9853014161812 216674743532567296
056.1187849733400 +31.9983136755200 216674816547870464
056.1308120247353 +32.0036473554265 216674919625538048
056.1306249802657 +32.0040742435841 216674915331373440
056.1217106497975 +32.0210302431377 216675160145252992
056.1346792616100 +32.0265247952100 216675160144055552
056.1019112624100 +32.0287910237500 216675190209431680
056.1205268730929 +32.0420368097110 216675224568907776
056.1241769959996 +32.0151669248891 216675125785515136
056.1255535628700 +32.0217172401800 216675155849611136
056.0719141658160 +32.0042518496035 216675430727449088
056.0107611628281 +32.0263778745157 216675744260806784
056.0940058764300 +32.0243570556200 216675843044378624
056.0816311885388 +32.0402336109866 216676014842489856
056.0940449610662 +32.0315822562820 216675950419235840
056.0985232057793 +32.0313076245285 216675946123675648
056.0945858965600 +32.0284071426800 216675946123594240
056.1110822148464 +32.0434404428077 216675980482752768
056.0970795729828 +32.0318060190049 216675946123009536
056.0564566360615 +32.0502882564666 216676186640925824
056.0644802216583 +32.0430881075172 216676117921705984
056.0484083817005 +32.0536576587302 216676190937404160
056.0383374219100 +32.0438198454400 216676152281444480
056.0740261322466 +32.0799159572743 216676328376452352
056.0756682389579 +32.0825093653392 216676328376452224
056.1925970476107 +32.0535278428315 216676534534783488
056.1754782413259 +32.0493545351194 216676568894523520
056.1709964177072 +32.0380265295641 216676564598303104
056.1348520834143 +32.0576326248626 216676736397001472
056.1486531947702 +32.0509893484639 216676671973739392
056.1289775179200 +32.0455925433600 216676702037920128
056.1608241832586 +32.0851292451092 216676878132165632
056.1720352017136 +32.0729616493837 216676809411470592
056.1582195744203 +32.0582552810920 216676775052953216
056.1623350146600 +32.0554871673064 216676775052953600
056.1585779121936 +32.0760472466474 216676873835965952
056.2082405030240 +32.0626309703270 216676912491904128
056.1863201572096 +32.0673671259008 216676981211381632
056.2073907231038 +32.0594477285447 216676912491904512
056.1913191234636 +32.0657727934173 216676981209823232
056.1933627002900 +32.0627762490700 216676981210545152
056.2034986904168 +32.0720451938829 216677011274916736
056.2170139096600 +32.0796349125708 216677114353881088
056.2338531665601 +32.0929088766278 216677079994152960
056.2367149853254 +32.0958665173221 216677084290589696
056.2211394270282 +32.0885785659611 216677114354142848
056.2337707268117 +32.0990303292701 216677153010066048
056.2308597789469 +32.0877859046222 216677079994148864
056.1775437042653 +32.1054077814157 216677290449022592
056.1866288992800 +32.0946040566300 216677290447979904
056.1893523993700 +32.0870524934000 216677221728502016
056.1720512813263 +32.0815131460569 216677256089287296
056.1833078507744 +32.0943637467089 216677286152839040
056.1818588103997 +32.0963438322878 216677290447807104
056.1954972640861 +32.0935689458885 216677217433107072
056.2239281735902 +32.1144551398018 216677359168494080
056.1125699676837 +32.0788050912203 216677565326935808
056.1023759105474 +32.0658868231617 216677530967199232
056.1203102996726 +32.0730444457784 216677565326936448
056.1084466787564 +32.0751256518919 216677530967198208
056.1366528634446 +32.0703538150357 216677492310994816
056.1147904975596 +32.0505717214109 216677462246173440
056.1109524422605 +32.0662132476926 216677530967198976
056.1229873551236 +32.0679234523642 216677492311821568
056.1299586745100 +32.0996659531200 216677668404928896
056.1486912616368 +32.0813300071945 216677599686672512
056.1293012630333 +32.0961211330108 216677664110594560
056.1435139485350 +32.1069747533009 216677698470254976
056.1431261622523 +32.0727556093394 216677595390211968
056.0844746980917 +32.0954988263595 216677805843882496
056.0928542419092 +32.0952176342563 216677840204841728
056.0885592184265 +32.0840293271101 216677805845105408
056.1165660603958 +32.0888084445436 216677767189697024
056.1318898903123 +32.1148500894032 216677908924314752
056.1161901543200 +32.1254359282300 216677977643790848
056.1186105405435 +32.1229068405017 216677977643791232
056.1272395248831 +32.1082841280659 216677908924315776
056.1299951457431 +32.1061490247470 216677908924315904
056.1136600596123 +32.1215923950061 216677977642227456
056.0986390529432 +32.1129266158950 216677938988038528
056.1066169687746 +32.1071480005055 216677938988392320
056.1064684825792 +32.1047458461891 216677943284055808
056.1237711470986 +32.0978307170534 216677874564578944
056.1790805368955 +32.1149131618244 216678046361694336
056.1452940820304 +32.1093674689797 216678080723006464
056.1558223890770 +32.1032764636081 216678012003529984
056.1634809917376 +32.1265435695545 216678115082741248
056.1602051672827 +32.1265999887200 216678115082741632
056.1717118884310 +32.1075459816969 216678046361699584
056.1663424276400 +32.1035775841600 216678012002576640
056.1539433088013 +32.1126576207655 216678076426514304
056.1619148250993 +32.1101215252861 216678007707900416
056.1554975654111 +32.1197788182649 216678110787115776
056.1860263223808 +32.1250586189663 216678149442478080
056.1857402127688 +32.1368188641186 216678252521690624
056.1809151126418 +32.1381278477070 216678252521690880
056.1800890148200 +32.1337715649600 216678218161104896
056.1814392159182 +32.1283343144533 216678149442477696
056.1781566445145 +32.1427133303111 216678252521690368
056.1712877792605 +32.1354099292785 216678213866423424
056.1812925029145 +32.1285979395122 216678145146947712
056.1842923005366 +32.1464911377213 216678248226162944
056.1357591399550 +32.1451352491230 216678389960646912
056.1605747804231 +32.1335202862816 216678321241170304
056.1578172335016 +32.1344978653363 216678321241170432
056.1213174385903 +32.1326129098835 216678355600911488
056.1262379195946 +32.1285214185779 216678355600912128
056.1458815554020 +32.1492766336423 216678389960645504
056.1212772882507 +32.1308480822480 216677973347630592
056.1304940477800 +32.1249296916700 216678355599962752
056.1418318684951 +32.1158626284196 216678286879869056
056.1364130797041 +32.1437464084239 216678385665110912
056.1349078490022 +32.1342371168200 216678351305258240
056.1459316660369 +32.1269689703569 216678286881434368
056.1473519374492 +32.1267344037200 216678286881434240
056.1479614054081 +32.1346182741375 216678316945547008
056.1357085875727 +32.1488401865850 216678389960646400
056.1415817550955 +32.1483818427754 216678389960645888
056.1313683748617 +32.1458224273808 216678389960647552
056.1497720856877 +32.1567519107722 216678493039858688
056.1631798605458 +32.1550809150209 216678458680119296
056.1477045731287 +32.1489997580340 216678493039860480
056.1642817804930 +32.1689260661421 216678527399593728
056.1755551321785 +32.1505717237166 216678458680118912
056.1750229204557 +32.1499961757971 216678458680119168
056.1632998382885 +32.1624780702280 216678527399594880
056.1633489071438 +32.1371528807610 216678420024852992
056.1589298289166 +32.1726587613027 216678523104067200
056.1516969423622 +32.1554654026476 216678488744327808
056.1549467177282 +32.1544753309183 216678493039858560
056.1576259019158 +32.1687355939069 216678523104066944
056.1694156488562 +32.1614414801965 216678454384591872
056.1673066822122 +32.1536002445862 216678454384591616
056.1676702417800 +32.1591743993500 216678454384591744
056.1540836546972 +32.1428492432683 216678424320384128
056.1637875070654 +32.1580114451544 216678527398386944
056.1612788773486 +32.1450130199953 216678424320382848
056.1558591356738 +32.1502550833022 216678493039859328
056.1611826566176 +32.1491029229151 216678424320382336
055.9834703800589 +32.0370237127476 216678660542082560
056.0150200613946 +32.0425057044845 216678733556498432
056.0151527596129 +32.0430761894400 216678729261562368
055.9670352329540 +32.0610944169568 216678935420000128
056.0320915201081 +32.0847507111959 216679210297924096
056.0312796626875 +32.0691299899985 216679210297911680
056.0283703359892 +32.0780086279495 216679214594380032
056.0421845158800 +32.0678994707900 216679141578433920
056.0687819752429 +32.0924443148660 216679279017661824
056.0468870032675 +32.1033750471058 216679352033331840
055.9995009140070 +32.0781816367219 216679382096866944
056.0184372865018 +32.0816559399136 216679420752810368
055.9965058408445 +32.0991133895010 216679455110999168
056.0282754116889 +32.1316958557444 216679626911236352
056.0381184480984 +32.1192639447855 216679558191760640
056.0352864596832 +32.1212644288834 216679626911237120
056.0254763422302 +32.1186771060219 216679626909685888
056.0258887407100 +32.1184978014900 216679626911238016
056.0335715681511 +32.1156763993755 216679622615070848
055.9382441034881 +32.0663115318242 216679729989231744
055.9191762757928 +32.1049237291073 216680034931659136
055.9384388307773 +32.0902213062132 216679966212425088
055.9558436791160 +32.1174914657340 216680103651399296
055.9367769118494 +32.1190164274156 216680176665505920
055.9795601669949 +32.1207165662748 216680309809831552
056.0220201376265 +32.1340175381199 216680382825480576
056.0171054769736 +32.1214077283087 216680348465744128
055.9742017204953 +32.1250782860340 216680515970990976
055.9492319411852 +32.1294722495661 216680554623040512
055.9802947883935 +32.1314796714227 216680515968018304
055.9731418476538 +32.1241887433389 216680515968013184
055.9556738512537 +32.1231127269344 216680481608273024
055.9716563131968 +32.1457139877131 216680588983911936
055.9531913260529 +32.1259205894197 216680554624176000
055.9629910382200 +32.1171786592100 216680481609147520
055.9606353415400 +32.1337177763100 216680554622625024
055.9526590802653 +32.1253503267378 216680554622626304
055.9527253955400 +32.1257900605500 216680554622626432
055.9611496411423 +32.1451430935167 216680588982779264
055.9917983823136 +32.1630853145686 216680726422962304
055.9812972865071 +32.1589374241759 216680692063125504
055.9841752265689 +32.1433939632452 216680623343650176
055.9800498563961 +32.1686279965270 216680722126476800
055.9849433631902 +32.1664474589773 216680722127208320
055.9956737540446 +32.1662805500068 216680726422967424
056.0833947350050 +32.1126693632629 216680790845911040
056.0801602505541 +32.1263230933392 216680863861815680
056.0881361655700 +32.1046127733900 216680795141120256
056.0799023484064 +32.0999827765775 216680756486417024
056.0902548812304 +32.1069103780221 216680795142439936
056.0760638163272 +32.1257037699754 216680859565397888
056.0792008968432 +32.1266047196999 216680863860255488
056.1106986959200 +32.1390479732200 216680932580072960
056.0984379728000 +32.1199062796800 216680893925385344
056.1014121884039 +32.1329523791940 216680932580098560
056.1111853896386 +32.1389929316842 216680928285636096
056.0877544966392 +32.1274243816678 216680966941030272
056.0467580557161 +32.1378420559966 216681104379984768
056.0426037452124 +32.1262567232689 216681100084326656
056.0840503742230 +32.1490450871892 216681207459196160
056.0648985556592 +32.1560703444234 216681237523246208
056.0724785296400 +32.1431254594600 216681168803302912
056.0684247489552 +32.1653463951041 216681276178672000
056.0758442372644 +32.1664922121241 216681271882290560
056.0796800104679 +32.1586896467856 216681207459195392
056.1073048004315 +32.1516543718601 216681374962235776
056.1252318695806 +32.1469394817629 216681310538409216
056.1365156724653 +32.1543804930717 216681344898144896
056.1305631421189 +32.1580924838997 216681340602609792
056.1248534528945 +32.1609616564273 216681340602609024
056.1249585936435 +32.1558492352789 216681340602609152
056.1283968549532 +32.1655015335628 216681344898253440
056.1450930555978 +32.1883411392050 216681551056567424
056.1387658832765 +32.1610033775048 216681447977358464
056.1425364374400 +32.1629512444100 216681447977357568
056.1427613555055 +32.1804799521050 216681482337093120
056.1305998033036 +32.1797185344223 216681516696832512
056.1473067740705 +32.1679478389251 216681447977356544
056.1238418590996 +32.1777366673186 216681516696833408
056.1452652427362 +32.1648699453808 216681443681826688
056.1516929250000 +32.1747313955600 216681478041565696
056.1439735934615 +32.1716347507535 216681443681826560
056.1424932504303 +32.1628127670235 216681443680872704
056.1497292854511 +32.1881868789273 216681551054968576
056.0981909921785 +32.1594256670215 216681585416316032
056.0900450559728 +32.1771329486054 216681654135789696
056.0898067028192 +32.1715202670851 216681585416314368
056.0957278361155 +32.1992375336063 216681688495523712
056.1011887649989 +32.1720883388696 216681581120776576
056.1027792601731 +32.1708547454378 216681585416313216
056.1023918160356 +32.1675211450798 216681581120776704
056.0999334508073 +32.1833495950869 216681688495526016
056.1054301992852 +32.1702175375994 216681615480515200
056.1135528152600 +32.1770205822100 216681615480430976
056.0906760185600 +32.1873142171100 216681688494408576
056.1065458384108 +32.2083189086988 216681791574735744
056.1309759462116 +32.1915303871882 216681757214998656
056.1065983495833 +32.1918186139952 216681791574739072
056.0989829131291 +32.1988932796377 216681787278619520
056.1161256394200 +32.1811956640000 216681718559730816
056.1183683330016 +32.1895772608850 216681718559627520
056.1261747896780 +32.1931110454902 216681752919139072
056.1062748831200 +32.1919892291000 216681791573145344
056.1308171357100 +32.1913570025700 216681757213401984
056.1335804169600 +32.1955337081300 216681757213400064
056.1331624767023 +32.1955200822098 216681757214997504
056.0176457337502 +32.1607138610694 216681929013704448
056.0293670758458 +32.1456555645452 216681855998071296
056.0208398914353 +32.1649397311747 216681929013704192
056.0416433132964 +32.1615973186592 216681890357576704
056.0244534898900 +32.1510609288400 216681929012609280
056.0623029963600 +32.1815323198900 216682032092063488
056.0531834293929 +32.1820289134381 216682100812391168
056.0648180014836 +32.1709148056943 216682027797374976
056.0588524899633 +32.1745415103568 216682032092915328
055.9955668839800 +32.1732342753500 216682203890484736
055.9996729206320 +32.1799200409332 216682203891609984
055.9995168953916 +32.1877910325187 216682238251347456
056.0097434709836 +32.1709888408808 216682130875987968
056.0236996685200 +32.1791212783100 216682165235496320
056.0100298930094 +32.1947685399009 216682238249774464
056.0099554560484 +32.1908910237418 216682233958032512
056.0080321370787 +32.1893674433100 216682238251450240
056.0478835651486 +32.2033790794715 216682306969701376
056.0240061524719 +32.2080017324999 216682375690295296
056.0147038397315 +32.1953241917341 216682337034202368
056.0442977319668 +32.1956709344756 216682302674465024
056.0271372508764 +32.2004179127239 216682337034207488
056.0661311484393 +32.1971428474322 216682478767926400
056.0774062022250 +32.2147599510231 216682513129243264
056.0913068955055 +32.2032092575228 216682444409767552
056.0930008844986 +32.2002007304440 216682444409767936
056.0746213636569 +32.2056383926446 216682513129244928
056.0887097733683 +32.1989791275833 216682444409768320
056.0674416547800 +32.2049751550100 216682474473986304
056.0756818547245 +32.1945601489597 216682405753907200
056.0753976523868 +32.1815130173780 216682405753899648
056.0593716635227 +32.2012483824221 216682474473163136
056.0665521856275 +32.2023281515429 216682474473163648
056.0681846549848 +32.2149375871837 216682513129356928
056.0786315893106 +32.1926747173167 216682410048448000
056.1035359533025 +32.2300419092522 216682646272344832
056.0886281091019 +32.2103493024069 216682547488981248
056.0871420567825 +32.2103972365522 216682547488981376
056.0906671394745 +32.2087077175825 216682547488981504
056.1058708551100 +32.2323324064000 216682646272526464
056.0902076470359 +32.2299098305336 216682646272098944
056.0427896145333 +32.2334541958644 216682783711185152
056.0452466905131 +32.2167806310701 216682749351091712
056.0535109889637 +32.2089457967365 216682684926723072
056.0512303670600 +32.2058409154100 216682684927129344
056.0540708760949 +32.2209998984847 216682719286079104
056.0758160031397 +32.2396049729054 216682822365284224
056.0700532208630 +32.2542724593530 216682925445026688
056.0659789687174 +32.2419837530926 216682886790733696
056.0809441158727 +32.2361099574789 216682818071370368
056.0955803434766 +32.2445520050180 216682852430995584
056.0567095581695 +32.2441025822722 216682886790734080
055.8836091512309 +32.1048204846343 216685949103101824
055.8528764931311 +32.0980945664079 216686120901794176
055.8502479770300 +32.1222528612500 216686223979871872
055.8581663442863 +32.1137439462200 216686150965094784
055.8472905111284 +32.1382924173783 216686979895252352
055.8360084946642 +32.1389180124974 216687048614729344
055.8990330718716 +32.1109029431367 216691755897337984
055.8980147107121 +32.1288032130156 216691854681926656
055.9181129694246 +32.1483541538455 216691996415827072
055.9359071236937 +32.1382683554439 216691927697575680
055.9155459824101 +32.1474126921210 216691992120644480
055.8656256434039 +32.1420997939579 216692099496268288
055.8814582709056 +32.1477425569911 216692133856006272
055.8651957047304 +32.1411202125090 216692099494720256
055.8755774393400 +32.1447799048900 216692133854872960
055.8954405754974 +32.1527631514422 216692163920047104
055.9062501277700 +32.1432508300800 216692168214643968
055.8960440634541 +32.1543236186797 216692232638818688
055.9041511327700 +32.1617980198700 216692202574641792
055.9059188342963 +32.1565722862377 216692198279082496
055.9008069903611 +32.1472875019111 216692163919581824
055.9250888479700 +32.1559001188800 216692370080602368
055.9376722849872 +32.1466488838713 216692305654697088
055.9412117222403 +32.1497869831522 216692301358292096
055.9485246193900 +32.1506765744100 216692335718274816
055.9634926464600 +32.1792070230600 216692546171734272
055.9637509089229 +32.1984283456555 216692546171736320
055.9731476035080 +32.1714624974932 216692477453484032
055.9745075586694 +32.1817715741431 216692473157009408
055.9541434824533 +32.1669151141732 216692438797259136
055.9648622602903 +32.1900640571844 216692541876492288
055.9531275547893 +32.1832263418344 216692511811896960
055.9772038103116 +32.1705466940966 216692477453384448
055.9558272629719 +32.1777495834894 216692511813123456
055.9344102509136 +32.1743702872027 216692610596191744
055.9174231526447 +32.1939958973220 216692679315449344
055.9402461794931 +32.2026777937133 216692821049201280
055.9435367227241 +32.1849891195646 216692713675411072
055.9437694393919 +32.2116412891818 216692816754641920
055.9445703517998 +32.2080865829989 216692821050765568
055.9511348898376 +32.2069927806555 216692752331288448
055.8481072110047 +32.1521407223648 216692919833584128
055.8409434877422 +32.1547998281667 216692919833586304
055.8757738134700 +32.1668871938100 216692992848334208
055.8956874435600 +32.1764893140200 216693027209312896
055.8612167109963 +32.1837592515846 216693057272562432
055.8836590356216 +32.1759157505718 216693022912817664
055.8838950219134 +32.1872730947125 216693091632303232
055.8383315271911 +32.1935939784108 216693233366388864
055.8465871250532 +32.1810091712686 216693164648156800
055.8330310372526 +32.1876954312291 216693229071487360
055.8309219875467 +32.1828738472261 216693229071976960
055.8381617289263 +32.2006346800956 216693332150482944
055.8482009860699 +32.2071867239143 216693370806584192
055.8525159697042 +32.1859400105833 216693267727371264
055.8487981740050 +32.1950486300282 216693332150478464
055.8503958366048 +32.1978896191338 216693332150480640
055.8372863100339 +32.1992080282976 216693336445720960
055.8577077060573 +32.2160614325422 216693366510242432
055.9037220573400 +32.2099459754700 216693503949407104
055.8970345935386 +32.1989302609630 216693469589663488
055.9089408926100 +32.2071655705100 216693435229928832
055.8956360780900 +32.1974116924600 216693473884976128
055.9326167044127 +32.2170296464322 216693572668675328
055.9228984018426 +32.2058917451536 216693538308920832
055.9264086057625 +32.2132537061851 216693538309148160
055.9150009948020 +32.2080252932140 216693538308923904
055.9175297021860 +32.2049099032388 216693538308919168
055.9323280149748 +32.2278900936184 216693576965007616
055.9063325330928 +32.2193984368566 216693607028417152
055.9303411220638 +32.2297325135422 216693572668689408
055.9220223467100 +32.2072236006300 216693542604150272
055.8776468912755 +32.2184010465825 216693680044227072
055.8776371440200 +32.2234992391000 216693783121878400
055.8656249560100 +32.2159933950900 216693744468170112
055.8885245488600 +32.2179877124700 216693714403964928
055.8780984581369 +32.2178196251933 216693680042667008
055.8720415312741 +32.2198881118153 216693744467371520
055.8780599673713 +32.2235105461944 216693710107637248
055.9006889341331 +32.2257499875565 216693817483279872
055.8869486736146 +32.2426915154547 216693881906345984
055.8942119262121 +32.2351414727473 216693813186862080
055.9075387722800 +32.2426961683700 216693851841828864
055.9132200488300 +32.2463568524200 216693851841828992
055.9780312981204 +32.2027897247097 216694023640037632
055.9718820759048 +32.2004738835232 216694023641607552
055.9886802487661 +32.2160072276287 216694058001342336
055.9667032280700 +32.2004154398300 216694019345478016
055.9954374327329 +32.1908800396535 216693954922130432
055.9916877425447 +32.1956833799611 216693984986225408
055.9950615310375 +32.2069271900165 216693984985522432
055.9740346114251 +32.2047177461473 216694023640486400
055.9761786865800 +32.1962910761400 216694023640485760
055.9926424895300 +32.2109374369200 216694058000225024
055.9898495173585 +32.2222908690233 216694161078979072
056.0222540252337 +32.2197383637627 216694122424704000
055.9988008337292 +32.2341480480258 216694195440291328
056.0108877888738 +32.2375355882555 216694195439104768
056.0119833808100 +32.2076944787300 216694092360145920
056.0176794676523 +32.2304997389387 216694126720813696
055.9719520360027 +32.2166708132795 216694264159774080
055.9555965188766 +32.2093064532044 216694229798468608
055.9526143536101 +32.2307505643403 216694298519511168
055.9463570652694 +32.2225360079964 216694298519513088
055.9796487929340 +32.2240315132504 216694264158195072
055.9635094012756 +32.2192234722986 216694225503544320
055.9816898709901 +32.2237010555829 216694259863660544
055.9611664112914 +32.2184945096003 216694229800036096
055.9710552680448 +32.2183519644955 216694259863656192
055.9784331592169 +32.2279596211743 216694264158551936
055.9730373241367 +32.2382764339356 216694431662158080
055.9922804018767 +32.2324351566198 216694362942684288
055.9815494591577 +32.2585665519329 216694466021913984
055.9961856551780 +32.2392538465378 216694401598720768
055.9838847153061 +32.2341955413217 216694367237872256
055.9923199303775 +32.2423426147343 216694397302628992
055.9897755723227 +32.2469138586928 216694401597125888
055.9869272940530 +32.2375629519010 216694367237872384
055.9870781512913 +32.2411257449987 216694362942889600
055.9696951888596 +32.2448682618581 216694435957350656
055.9860764549561 +32.2544914533811 216694470317089664
056.0391291687243 +32.2386289153737 216694539037785472
056.0255059120564 +32.2517363217885 216694607756041344
056.0249798163433 +32.2589373786521 216694603461518208
056.0345454546479 +32.2605575413955 216694603461535744
056.0347015131000 +32.2325596359900 216694504676824448
056.0369036077160 +32.2695982630495 216694710836359296
056.0569235085646 +32.2545291259807 216694642115703168
056.0565457888463 +32.2567338886412 216694637821273984
056.0477006866990 +32.2720306414403 216694740900490240
056.0567252368150 +32.2650746677059 216694672181012864
056.0554189614801 +32.2720819463737 216694740900490112
056.0471645099756 +32.2662648763422 216694706540751360
056.0145167103655 +32.2564441066855 216694779554625408
055.9980791224709 +32.2653156137599 216694848275314688
056.0178864504856 +32.2638591073212 216694809619624704
056.0043380931640 +32.2590432419555 216694775259560064
055.9988948444240 +32.2664146749066 216694848273714688
056.0021852869300 +32.2557968573000 216694779555970048
056.0150880306976 +32.2773837081677 216694882635051392
056.0405719856031 +32.2869523969788 216694951354525952
056.0301730638900 +32.2983652715200 216695020072905088
056.0273585807918 +32.2889825844251 216694981418681088
056.0279554277900 +32.2925347289400 216695020073204224
056.0125282617000 +32.2889812677900 216694981418751872
056.0099702707927 +32.2889008688777 216694985712662400
056.0349367043778 +32.2819448688741 216694916993688960
056.0199709880231 +32.2936247501355 216694985713166592
055.9401468523414 +32.2372670458831 216695050137446272
055.9365747294000 +32.2418470897200 216695123152009216
055.9588041007821 +32.2407039300555 216695088793615232
055.9291580802922 +32.2514869697918 216695118856938112
055.9450505524846 +32.2524154539122 216695157512966912
055.9372702482107 +32.2420080642598 216695123153231232
055.9306636145430 +32.2498122041689 216695123153230080
055.9310111666292 +32.2467704578784 216695118856933888
055.9431156424900 +32.2278806734600 216695054432928896
055.9494641301935 +32.2454256724106 216695084499988352
055.9465548169919 +32.2493804818763 216695153216876800
055.9622429235605 +32.2537212242342 216695187576416512
055.9556086002844 +32.2667006289111 216695260592178560
055.9550653591647 +32.2699891997834 216695260592178048
055.9650244239743 +32.2657153683088 216695226232439552
055.9533959067315 +32.2643063047039 216695256295900672
055.9560618738835 +32.2616950967583 216695256296547328
055.9839523684000 +32.2679205739500 216695226231623168
055.9557540658210 +32.2548279620389 216695187576417152
055.9329785323559 +32.2630170400258 216695363671522432
055.9122285004980 +32.2561363115480 216695325015371136
055.9229615559637 +32.2500028165850 216695329311661056
055.9196499339922 +32.2498098404696 216695325015366144
055.9236986413334 +32.2711102409095 216695428094600832
055.9305756288204 +32.2775543301426 216695428094608000
055.9117331847471 +32.2651453557793 216695393740304896
055.9238271679841 +32.2594532172427 216695325015373312
055.9200499868300 +32.2828479203800 216695432389765760
055.9495431492601 +32.2991029694570 216695569829819520
055.9421652540539 +32.2784123683453 216695466750607232
055.9295889193447 +32.2965466724374 216695535470082176
055.9508067981016 +32.2907120036528 216695496814282752
055.9536351435500 +32.2812326911300 216695501109530240
055.9453059123624 +32.2820513810380 216695462454352000
055.9493278731345 +32.2898946113544 216695496814101248
055.9547940913713 +32.2935668138572 216695496814104320
055.9940115758700 +32.2909562324800 216695634253464576
055.9861700350536 +32.2970838847689 216695702975387776
055.9921529120120 +32.3008849659150 216695702972541312
055.9909305610283 +32.2721042664597 216695599893486336
055.9941843115139 +32.3108883274144 216695810347984768
056.0178945074314 +32.3072612812399 216695775988245632
056.0090682614962 +32.3277748529911 216695844707719424
056.0100060120024 +32.2968668448179 216695737332455808
055.9995571950500 +32.3151555655300 216695810346917632
055.9496932297942 +32.3128250421740 216695947786940288
055.9629411346628 +32.3205262345717 216695982146677248
055.9570893752099 +32.3208697322400 216695982146677376
055.9444149429312 +32.3115703685074 216695947787057792
055.9852392557858 +32.3093248757155 216695702972548224
055.9559498300877 +32.3084096423032 216695947786026240
055.9584350345200 +32.3164197819800 216695982145765120
055.9638082740027 +32.3318890350619 216698932788427776
055.9552531552774 +32.3031469087933 216695943490711040
055.9629573403670 +32.3082345873453 216695874771238400
055.9543382337521 +32.3183585065786 216695943490723456
055.9825886846700 +32.3288582416500 216696085225889792
055.9706067916206 +32.3310979752422 216696085225890432
055.9828452589532 +32.3239964208614 216696016506413952
055.9860023631529 +32.3437667058626 216696115289700224
055.9805901198794 +32.3425466475888 216696115289598208
055.9856815380853 +32.3513709881310 216696115288895232
055.9888839103034 +32.3244237842633 216696012210203904
055.8385272125409 +32.2135818163900 216696287087999488
055.8422496090617 +32.2215074446663 216696321447751040
055.8651558441706 +32.2393755944333 216696733764627968
055.8499381842007 +32.2450622511721 216696772418877952
055.8489646406965 +32.2284408810122 216696703701118208
055.8556424390074 +32.2474070743154 216696806780332928
055.8565112973502 +32.2486448058024 216696802484884736
055.8614826426720 +32.2360862664478 216696703699974528
055.8672932944268 +32.2571667027027 216696905563536512
055.8761548219986 +32.2771433251506 216696939923094528
055.8833713375627 +32.2633328657102 216696871206248192
055.8672362696956 +32.2795540783511 216697150376571392
055.8944204921000 +32.3029887066100 216698456046743680
055.8948300412218 +32.2825935195608 216698352967047936
055.9020658846979 +32.2809421530432 216698352968633472
055.8878256305292 +32.2937201929722 216698421688034816
055.8891461896800 +32.2786773355700 216698352968634752
055.8923741841864 +32.2735554491636 216698348672556160
055.9212965660566 +32.3315302063165 216698593486793984
055.9350735074506 +32.3127955085043 216698524767318656
055.9219788648661 +32.3043734647500 216698490407581184
055.9196675948514 +32.3118230166227 216698589190748800
055.9243034922373 +32.3105382525842 216698520471094784
055.9082229205013 +32.3127679521964 216698559125457024
055.9227254578780 +32.3001116467294 216698490407581568
055.9213120646400 +32.3037952719900 216698490406481792
055.8933964058342 +32.3122710775192 216698657910049664
055.8863609123812 +32.3005171249098 216698657910039168
055.8971142483152 +32.3159541377075 216698760989978496
055.9061869335151 +32.3271644857518 216698795349012736
055.9015537916949 +32.3184309751364 216698760989269120
055.9352237199316 +32.3402312100231 216699005803652608
055.9480656069813 +32.3288257770000 216698937084176768
055.9453798875100 +32.3227104518700 216698902723526912
055.9378598723000 +32.3372943947900 216699005802587392
055.9350001759336 +32.3408825948384 216699005802047360
055.9446734561381 +32.3286182481221 216698898428228864
055.9427923968320 +32.3494240817753 216699005802744064
055.9443472139659 +32.3395569256429 216699001507448064
055.9796705543737 +32.3539761694327 216699074521918464
055.9572997229795 +32.3400580814464 216699040163389696
055.9763447535882 +32.3542734694621 216699070226397056
055.9614658913719 +32.3405000997099 216699040163389056
055.9709831993919 +32.3647777457699 216699138947100928
055.9839806824406 +32.3561908231673 216699074523254784
055.9761417329857 +32.3452412785110 216699074522035456
056.2406912590912 +32.1228591309663 216700655069519104
056.2490901353546 +32.1132453587917 216700655071105536
056.2423050793140 +32.1195403411744 216700620711366400
056.2618762543900 +32.1168201629300 216700586351627264
056.2611024408221 +32.1093762710426 216700582055463936
056.2507959672100 +32.1143482637800 216700655070160512
056.2629649584431 +32.1047093625718 216700582055460864
056.2400791076948 +32.1171091283478 216700620711367296
056.2782504988600 +32.1322029063800 216700723789737728
056.2673426200627 +32.1294543712451 216700753854167808
056.2746238062151 +32.1406103043400 216700788213665536
056.2768283289110 +32.1192872183282 216700685134684160
056.2778363673002 +32.1428137146717 216700792509116032
056.2671558203000 +32.1370262000400 216700758149287808
056.2705301199621 +32.1258055533108 216700685134688512
056.2635028214131 +32.1206200211857 216700689429247360
056.2536232374461 +32.1357573483307 216700758148718848
056.2329755302482 +32.1240820093048 216700822573390336
056.2326519108014 +32.1455886776233 216700925652622336
056.2404818567234 +32.1282470059161 216700856933382016
056.2186541967578 +32.1280751875490 216700891293120256
056.2305683006505 +32.1247370427075 216700822573640448
056.2233277525954 +32.1496148790788 216700925652625664
056.2339087223573 +32.1542299106836 216701033028221440
056.2317151626531 +32.1555182450608 216701033028221312
056.2458292019880 +32.1502110940611 216700964307809024
056.2462032484300 +32.1696871632800 216701063092439936
056.2369294764500 +32.1538651052800 216701028732701440
056.2526082386082 +32.1386185552822 216700964308745472
056.2962761947155 +32.1477615756177 216701101747696128
056.2811952430333 +32.1525312098190 216701166170797952
056.3061099195150 +32.1565408087472 216701131811300992
056.3005124376426 +32.1536574757942 216701131811299840
056.2921559950100 +32.1625369995400 216701204826250240
056.2779687708356 +32.1585367466560 216701166170801664
056.3027549430500 +32.1631269126200 216701131811066496
056.2812120307919 +32.1487016595400 216701170465571968
056.3003198080500 +32.1784013758200 216701307905194240
056.3176204685200 +32.1717230299300 216701239185716608
056.3189642937645 +32.1617427754061 216701234890281088
056.3229062407800 +32.1762621911673 216701269250263040
056.3140947548852 +32.1871746991987 216701337969745280
056.3085331565385 +32.1889033956877 216701337969517824
056.3118818980570 +32.1859030467780 216701342264247424
056.3005431657073 +32.1748162639774 216701307906123136
056.2717442745086 +32.1651364669113 216701376625602304
056.2626855088350 +32.1904116791203 216701475408472448
056.2817703675773 +32.1744203229744 216701406688870400
056.2563125043600 +32.1809223460743 216701445345078144
056.3030658425700 +32.1960042020600 216701548423364224
056.2984765346600 +32.1842739207100 216701514063624704
056.3002608403009 +32.1947579155988 216701544127953536
056.3031175715639 +32.1878648017699 216701509768208896
056.2895026592122 +32.2175143808920 216701612847669760
056.2923007265633 +32.2178814523198 216701612847669632
056.3010210103897 +32.2000824398327 216701548424287744
056.3082428076794 +32.1956993953588 216701548424287872
056.2066276232972 +32.1533281472168 216701651503514752
056.2158862411358 +32.1639674534130 216701681566880512
056.2061195734870 +32.1723614867132 216701754581126016
056.1940802787271 +32.1504842186039 216701720221400064
056.2480257658644 +32.1776102094074 216701823302200832
056.2347496058696 +32.1766535608511 216701823300599424
056.2292720134100 +32.1684694564900 216701788941442560
056.2190959836900 +32.1690160705600 216701788941442816
056.2347067356378 +32.1754308757222 216701819005842048
056.2196924620400 +32.1714571788800 216701857660920064
056.2306192540256 +32.1595834114002 216701788942464768
056.1720410803720 +32.1736672078145 216701995100897024
056.1823473454975 +32.1751052653275 216701926381419264
056.1867986044682 +32.1848768033288 216702029460632832
056.1773532273884 +32.1673153790044 216701926381421568
056.1793202814087 +32.1708754332538 216701922085898112
056.1901519416643 +32.1862927435521 216702025165001856
056.1983578667377 +32.1820963557600 216701956445523456
056.1820836969461 +32.1799770141876 216701990805261184
056.1851878814771 +32.1682222124481 216701922085781760
056.1714959857044 +32.1694683560172 216701995100898560
056.1731850986315 +32.1775920058302 216701990805305856
056.1844674377795 +32.1768922606618 216701926379820032
056.1884033862233 +32.1821389828162 216701960739556096
056.1929633280507 +32.1879396484592 216702029459031552
056.1773895482600 +32.1675060876800 216701926379825536
056.1916371408500 +32.2014656638200 216702132538639872
056.2084110479106 +32.1882702523938 216702059524022912
056.2180855440100 +32.1908615854500 216702098179091200
056.2060462077256 +32.2049211279921 216702166898378112
056.2516722042875 +32.2133648235732 216702304338532864
056.2561815460641 +32.2080032727994 216702304338533120
056.2503253955255 +32.2172766340733 216702304337612928
056.2462417617216 +32.1840001874361 216702201258146944
056.2541789784739 +32.2061734142536 216702300042430208
056.2532967177846 +32.2082571001322 216702300042213632
056.2399012578004 +32.2066901644908 216702269978796800
056.2787044285246 +32.2313021228920 216702441777615616
056.2752279395000 +32.2045892123300 216702338697442560
056.2846223978200 +32.2267829842700 216702373057485056
056.2721659564367 +32.2045024445015 216702338696659968
056.2566190980756 +32.2213201283376 216702403121654912
056.2554460180018 +32.2203328926046 216702403121655040
056.2790459999105 +32.2343415621389 216702437485638784
056.2736528385666 +32.2380304766217 216702437481200512
056.2786283087856 +32.2118421788755 216702334401958144
056.2608319237577 +32.2253469986718 216702407417746048
056.2288913648746 +32.2030654714166 216702476137228288
056.2313463521600 +32.2187141628100 216702476136395648
056.2334082722329 +32.2309465448641 216702574920354688
056.2297688100257 +32.2036904019294 216702476137228032
056.2377588927800 +32.2300879805840 216702506200877696
056.2493187109388 +32.2255344498550 216702613576176896
056.2505077795024 +32.2234712750355 216702613576177024
056.2586796273100 +32.2486628172400 216702647934913280
056.2481707488332 +32.2401643882175 216702609279895168
056.2461225434946 +32.2395965932911 216702613574561536
056.2572683765804 +32.2410131863821 216702647935913344
056.3242396094561 +32.2016172203141 216702819734605696
056.3329172604900 +32.1911337197400 216702751014524032
056.3357992865930 +32.1863271360967 216702746718789376
056.3152847664941 +32.2025301730115 216703025893036416
056.3135729002931 +32.2083947351733 216703025893035648
056.3223672889390 +32.2330601389849 216703128972248576
056.3269833453000 +32.2142312407200 216703060251973120
056.3143101852900 +32.2376743786200 216703128971334272
056.3118158196300 +32.2244705326300 216703094611507712
056.3158520267746 +32.2104499315385 216703025891421824
056.3227117836135 +32.2138940970961 216703025891419776
056.3191258831179 +32.2057762351356 216703021596936704
056.3066301820113 +32.2301548778637 216703090316222592
056.3256826303585 +32.2396102088801 216703232051463040
056.3255177067204 +32.2345795354627 216703232049844992
056.2889377951357 +32.2554272274542 216703949309903104
056.3009724058945 +32.2313192571809 216703850526888832
056.2901978307452 +32.2267896305279 216703850525140992
056.2901471786043 +32.2272383101879 216703850526755840
056.2911349566465 +32.2263946694076 216703850526755968
056.3095331859592 +32.2752079220109 216704091044919296
056.3050486595500 +32.2576555339000 216704052388921216
056.3097625531169 +32.2646669997008 216704056683558528
056.2611497965380 +32.2566744983511 216704189828071936
056.2693761366358 +32.2504465920253 216704125404661760
056.2693511485743 +32.2502482560990 216704125403045120
056.2715150343900 +32.2746637446800 216704228482965248
056.2901797731717 +32.2675950092240 216704159764397952
056.2694759837920 +32.2774455472439 216704228483874560
056.2956525395912 +32.2833355204080 216704258547563904
056.2965131468751 +32.2769935896951 216704262842620800
056.2980695787303 +32.2932903118874 216704365922824576
056.1599017711640 +32.2165887930984 216705053117726464
056.1671285360861 +32.1928268367888 216704950038394240
056.1557734411751 +32.2067181624752 216705048821756544
056.1583287510321 +32.1936170972954 216704945742764928
056.1573999431512 +32.2050360302356 216705053117608960
056.1738602025216 +32.2006205555606 216704984398132096
056.1726461856667 +32.2193358029714 216705156196822016
056.1872923562734 +32.2270320145141 216705190556558592
056.2033946983496 +32.2227207199152 216705121837081600
056.1699164208077 +32.2185346132237 216705151900720768
056.1873270205717 +32.2267579211900 216705190554952832
056.1878929169652 +32.2369924212455 216705186260474112
056.1383886323000 +32.2159295909700 216705220620786944
056.1326348212295 +32.2335323693272 216705327994306560
056.1326799094864 +32.2122645006871 216705224914700288
056.1608042514048 +32.2567463643905 216705461138192128
056.1671876432768 +32.2410904987876 216705396714988032
056.1673706696300 +32.2374086789900 216705358059741696
056.1536631501600 +32.2434009982900 216705426779217664
056.1618086731700 +32.2465531580700 216705461138956160
056.1495189359828 +32.2511611509861 216705431073119744
056.1495424349375 +32.2506469207986 216705426778650624
056.2020626700984 +32.2577535619310 216705602873413632
056.2133516817785 +32.2512098395112 216705529857665536
056.2005181555400 +32.2561333726000 216705598577910656
056.2303444306558 +32.2505597973252 216705632936879872
056.2080538122800 +32.2673626441100 216705701657125888
056.2123038136161 +32.2692957757517 216705705952627456
056.1660318458320 +32.2661073158615 216705843391582976
056.1777277820553 +32.2615840345599 216705839095515904
056.1764181738700 +32.2536201638300 216705770376527616
056.1792487601551 +32.2665661733940 216705839095932288
056.2065574527632 +32.2792999233213 216705912111057024
056.2161768417611 +32.2764787749544 216705907815000064
056.1983108305800 +32.2872877102800 216705980830689792
056.2054124727749 +32.2963745035155 216706015188650880
056.2121229588500 +32.2748030852900 216705912110146432
056.2246779121100 +32.2901657326200 216705946469885184
056.2110145128767 +32.2886181297035 216705946469175168
056.1266580082512 +32.2494681424774 216706083908548736
056.1153263104995 +32.2320082883755 216706049550020864
056.1135236899343 +32.2391580266253 216706049550020224
056.1058506953362 +32.2350374487311 216706113973832192
056.1139083519107 +32.2337246399644 216706049548418560
056.1299638279286 +32.2464045686719 216706083908754688
056.1495249094935 +32.2648256477850 216706221348706432
056.1445884371166 +32.2651087058605 216706221348706688
056.1384362634200 +32.2580391098700 216706186988969856
056.1428836868417 +32.2685645185560 216706217053055104
056.1326516624583 +32.2628904688593 216706255706838016
056.1445412282500 +32.2666599330200 216706221347094912
056.1377316590281 +32.2499473775294 216706186987365120
056.1421962052076 +32.2766035211539 216706290068182016
056.1457541327610 +32.2586457225260 216706186988968832
056.1081071384351 +32.2751733791479 216706358787661312
056.0898206195534 +32.2527169628892 216706324427926912
056.1171856290257 +32.2667375123424 216706358787662208
056.0836197785400 +32.2708809307400 216706388851890944
056.0853479198617 +32.2623749327477 216706388851796096
056.1070870290609 +32.2636832708764 216706354492057856
056.1079838625760 +32.2929245634123 216706526290772864
056.1121784560529 +32.2865464722140 216706526290844800
056.1155203228574 +32.2892197110818 216706530584738176
056.0988661636758 +32.2878407771963 216706530584740096
056.1587826741671 +32.2791899288850 216706595009584128
056.1592504299249 +32.2794912032712 216706599304212608
056.1703760257008 +32.2886296444818 216706633663947648
056.1658712589931 +32.3011481803034 216706698088821120
056.1802381492807 +32.3143936249766 216706839823991296
056.1803517235480 +32.2991746688634 216706732448736384
056.1866641276345 +32.3177496432466 216706839824152576
056.1839329983825 +32.3243987063226 216706835528252160
056.1821034930006 +32.3297976108410 216706835528253056
056.2034369796920 +32.3129078834414 216706771102889728
056.1897822871780 +32.3055165247388 216706766808903424
056.1971173980099 +32.3106746019217 216706771102892032
056.1897906705630 +32.3121928137988 216706771102893056
056.1744501532941 +32.2990641134080 216706732448557568
056.1296839733274 +32.3134626046127 216706942903208320
056.1405271481339 +32.3073856541346 216706874182529280
056.1516415760324 +32.3186494168135 216706904247437568
056.1336595161847 +32.3043155986655 216706938607594880
056.1271174996813 +32.3106209185722 216706942901592832
056.1478862444620 +32.3141828936393 216706904247436288
056.1546918363988 +32.3127137878373 216706904247260928
056.1616013243700 +32.3182129402664 216707011622683392
056.1654298863888 +32.3246620429460 216707011622682624
056.1432574651202 +32.3324696211806 216707080342159616
056.1531260276674 +32.3399553445597 216707080342158336
056.1714881185035 +32.3403322714033 216707041685691520
056.1520424717648 +32.3321158810898 216707080340536960
056.1583127862907 +32.3345682522878 216707076045964160
056.1632695800090 +32.3358142737386 216707114701896576
056.1665800408926 +32.3469905656026 216707114701894656
056.2517333514240 +32.2976532998669 216707247844811520
056.2364184098900 +32.2843072705700 216707217781267456
056.2347236903800 +32.2833905281400 216707213485614464
056.2486385462757 +32.2916775431908 216707247845353088
056.2466746717369 +32.2922095030974 216707247844807808
056.2584908793707 +32.3100226789312 216707355218896256
056.2723791435376 +32.3007928073277 216707282208729984
056.2713234172833 +32.3011581020455 216707286500586368
056.2241615529800 +32.3033039798900 216707419643506944
056.2333348981500 +32.3161715934900 216707527017939072
056.2307437097600 +32.2929527705400 216707419644044416
056.2220400400326 +32.3167043371799 216707522723264000
056.2210879241762 +32.3129453651969 216707488363411968
056.2271592968438 +32.3019485573230 216707423938555264
056.2580590865300 +32.3281111535800 216707595736594816
056.2538736039443 +32.3354352947066 216707595736593408
056.2485518798755 +32.3254703852966 216707557082471040
056.2110227451817 +32.3184616916364 216708248573262208
056.2145140842300 +32.3316425164100 216708278636504192
056.2125768595949 +32.3246997249933 216708248571630848
056.2141718814719 +32.3448137028127 216708347355752576
056.2079522808200 +32.3217736977600 216708244277769472
056.1987772397829 +32.3199402973726 216708248573262592
056.2263330666125 +32.3411820350536 216708386010577664
056.2127205684900 +32.3602798764900 216708454730792064
056.2230373078552 +32.3456187782010 216708386011314048
056.2216039231763 +32.3515991444277 216708450434971648
056.2161349709535 +32.3523805973359 216708450435096704
056.1949486486731 +32.3562911708158 216708557810903296
056.1687010850624 +32.3584577551765 216708587875152896
056.1798868999416 +32.3607421576800 216708622233670528
056.1828345276700 +32.3446726384600 216708523450268032
056.1909107721901 +32.3550303392344 216708557810903808
056.2005451475150 +32.3671824626933 216708656593412096
056.0911126509888 +32.2909126647644 216718178537782400
056.0695584451800 +32.2726979866300 216718144176854656
056.0736886020500 +32.2758244684600 216718139882412416
056.0775307969039 +32.3056459656694 216718242961634176
056.0798713849400 +32.2884770704500 216718178536051456
056.0797164760890 +32.2882474350319 216718178537659392
056.0703368631810 +32.3048136740449 216718247257134848
056.0889909284053 +32.3221902219800 216718380400510848
056.0949101974567 +32.3208450479919 216718380400510720
056.1016046446503 +32.2997495955851 216718281615809024
056.1016209149452 +32.3132698963100 216718315975701760
056.0887000096360 +32.3208284930588 216718384694470400
056.0943859680785 +32.3223728752868 216718380400490112
056.0996321066783 +32.3205594147550 216718380400489728
056.0967226482210 +32.3160006852455 216718380400489472
056.0661293325306 +32.3109928559196 216718453415564416
056.0497797959685 +32.3114787018608 216718483479704448
056.0479755224000 +32.3026289920300 216718414760325760
056.0663988061640 +32.3036324001198 216718449120063616
056.0476681572178 +32.3278277869459 216718522135040256
056.0486905691900 +32.3067062155500 216718419054838016
056.0748379830642 +32.3535772468169 216718659573990528
056.0683112725927 +32.3245848685048 216718556493573888
056.0695810491061 +32.3325443411795 216718625213050496
056.0727626574426 +32.3451823989465 216718655277513344
056.0713881860883 +32.3275759292734 216718556493162752
056.0634407248322 +32.3283787321330 216718620918659072
056.0763839650252 +32.3220309406200 216718552199181696
056.0762461266256 +32.3163345255454 216718552199181440
056.1254717770252 +32.3420070745019 216718792716213888
056.1308499553726 +32.3402149621925 216718723996735616
056.1133914396677 +32.3413186389157 216718792716338048
056.1061161822584 +32.3279914890044 216718758357708288
056.1341222432914 +32.3267810067496 216718728291847424
056.1375165385500 +32.3344805099300 216718728292707072
056.1245453892875 +32.3224988104993 216718693932111872
056.1249260276879 +32.3229897565364 216718693932112000
056.1195953664200 +32.3217252382700 216718693932744832
056.1303500865100 +32.3632112127100 216718900092155008
056.1436876816845 +32.3576039858340 216718861435702272
056.1567788086235 +32.3591493369431 216718861435929600
056.1226011377900 +32.3552659964700 216718900090956928
056.0869571081365 +32.3455349522660 216719037531112832
056.1099506366847 +32.3508827866167 216719003171502592
056.0979017035583 +32.3597754384013 216719067594133504
056.0822439255187 +32.3530610394300 216719033234629888
056.0880769236557 +32.3618714218917 216719033234396160
056.1008190136795 +32.3413834158710 216718968810654080
056.1191681057034 +32.3766057179652 216719140609124864
056.1247322095843 +32.3719332320223 216719136313616000
056.1073518587552 +32.3795858441833 216719170673477632
056.1138732880958 +32.3887579374880 216719205033219968
056.1350379898049 +32.3737125983000 216719140610322176
056.1363352539765 +32.3785731928884 216719140610321408
056.1287522130917 +32.3849954325242 216719140610320768
056.1264956326052 +32.3646626174100 216719106250585344
056.0226590264606 +32.3317833429536 216719312409023360
056.0460408282034 +32.3281559445664 216719273753784832
056.0255031771000 +32.3448389403100 216719346767146368
056.0335854516599 +32.3280321493428 216719239393516416
056.0192843252618 +32.3408197574799 216719312409022592
056.0208745889158 +32.3343008817150 216719308112822400
056.0232808331878 +32.3252707438208 216719243689547648
056.0257208931068 +32.3450114672688 216719346768760320
056.0469976558435 +32.3474009912818 216719381127294336
056.0429351320000 +32.3444637482300 216719376832002176
056.0447278812500 +32.3452294035600 216719376831767424
056.0528955539877 +32.3522168257607 216719376831896576
056.0620564577393 +32.3585148176466 216719411191516032
056.0446872821797 +32.3466021414070 216719376831894144
056.0687799582631 +32.3559625488531 216719411191636864
056.0673988469292 +32.3551783808578 216719411191636736
056.0456694600003 +32.3644652979033 216719484206626432
055.9975698431692 +32.3568017208600 216719587285724032
056.0103926420524 +32.3512443123822 216719518566277504
056.0070922262622 +32.3651800635433 216719617350072192
055.9879589829583 +32.3537422682199 216719582990326912
056.0248452061374 +32.3521640309139 216719548630588032
056.0086418906715 +32.3401699853449 216719514271254400
056.0355575450400 +32.3656923026743 216719656005200640
056.0228688889100 +32.3654042237500 216719656005502976
056.0367883270525 +32.3709898778044 216719690366141440
056.0792420903176 +32.3682363335424 216719793443732224
056.0689678615583 +32.3615240604998 216719789148639872
056.0574264351330 +32.3763544441222 216719862164831872
056.0862545499927 +32.3802346496755 216719827805091328
056.1042066729600 +32.3885822192000 216719930883410560
056.0895574129115 +32.3855695588211 216719930882674944
056.0896291652802 +32.3852334369700 216719930884305664
056.0566935041415 +32.3818947898519 216720064026676096
056.1535761326033 +32.3747137076144 216720407624057088
056.1680255792800 +32.3663357776000 216720343200268416
056.1354927346656 +32.3839165498699 216720618079205760
056.0006734599573 +32.3706722172283 216722576584165888
055.9843817355480 +32.3634076917591 216722537927709824
055.9910475184800 +32.3624306941900 216722537927830016
055.9950000153611 +32.3714250101389 216722576584166016
