Source,RA_ICRS,DE_ICRS,Gmag,BPmag,RPmag,BP-RP,1_mag_0,2_mag_0,3_mag_0,4_mag_0,EW_HA
216674674813091072,56.06599564718,31.99351988552,18.187578,20.7916,16.706821,4.084778,15.035029,14.725063,14.374582,13.66827,-35.49003920425311
216674816547870464,56.11877944784,31.99831531545,15.782004,17.647942,14.268335,3.379606,13.083054,12.857284,12.549079,12.144641,-7.171515626248244
216675125785515136,56.12419379188,32.01513289952,18.234203,20.845087,16.653078,4.192009,14.273657,13.894479,13.420217,12.834379,-51.80214675721912
216676775052953216,56.15824530724,32.05822285362,15.097547,16.500845,13.914116,2.586729,12.26937,11.932708,11.548826,10.775827,-14.191777257849767
216676981211381632,56.18631278667,32.06733542258,14.686735,16.39437,13.416403,2.977966,11.542868,10.932868,10.510624,10.011867,-29.5870084954336
216678321241170304,56.16059684231,32.13348993869,15.662874,17.546856,14.36929,3.177566,12.556992,12.109484,11.895268,11.47065,-16.946953160229945
216678389960646400,56.13574922489,32.14881031926,15.857361,17.928017,14.483672,3.444345,13.114722,12.950537,12.751878,12.312575,-7.458863535717054
216678493039859328,56.15588359308,32.15022677868,16.421408,18.170822,15.080473,3.090349,12.71749,12.275871,11.740396,10.911315,-2.9182742880332277
216678660542082560,55.98348942867,32.03699395193,16.965364,19.13158,15.530375,3.601206,11.402769,10.83165,10.256297,9.6604029,-40.72141283243263
216679382096866944,55.99952731092,32.078149449,18.375765,20.830177,16.868113,3.962065,14.982535,14.69496,14.436401,13.811082,-22.947155436986204
216680863861815680,56.0801833161,32.12628963176,16.382368,18.259493,15.080367,3.179126,13.138611,12.827286,12.530115,12.103763,-6.5860575457077815
216680928285636096,56.11121148625,32.13896385444,17.372114,19.257975,15.958456,3.299519,12.568316,12.254723,12.163148,11.600784,-48.550470569201025
216682444409767936,56.09302777632,32.20016776863,15.944566,17.684744,14.661537,3.023207,13.151579,12.71296,12.299219,11.673666,-88.58365027316755
216682513129243264,56.07743215813,32.21473054442,18.706783,19.828508,17.335423,2.493086,12.863291,12.25259,11.801672,11.322401,-64.27739377025031
216693954922130432,55.99546673051,32.19084664821,15.891031,17.4451,14.578859,2.866242,12.292854,11.838944,11.630945,11.054937,-2.210026739818777
216694603461518208,56.02500511018,32.25890608038,18.578136,20.69869,17.067696,3.630995,15.273631,14.842566,14.482931,13.8975,-26.54649908648751
216695256295900672,55.95341712662,32.26427711763,16.588135,18.59201,15.246967,3.345043,13.654764,13.182681,12.694295,11.991574,-12.59027312666037
216695634253464576,55.99400480739,32.29095550145,16.15183,17.522404,14.466255,3.056148,12.678374,12.310664,12.02391,11.308278,-145.51329778936125
216701033028221440,56.23393158311,32.15420230617,14.521962,16.100838,13.284246,2.816591,12.048044,11.719073,11.572461,11.174041,-6.214467483232864
216701926381421568,56.17735769182,32.16728452898,18.745459,19.72243,16.974285,2.748144,13.723769,13.280625,12.927392,12.416217,-10.895387666736257
216706290068182016,56.14221754121,32.27657011598,18.350334,20.255827,16.889174,3.366653,14.543779,14.171496,13.918973,13.382585,-92.85571652280771
216706942903208320,56.12970571724,32.31343207058,18.853565,20.793758,17.450533,3.343225,14.472417,13.999439,13.591156,12.973252,-7.809218711297454
