RA_1_1,DEC_1_1,SEP
56.1407693734367,31.9750797729372,2.0
56.2136633682903,31.9869091929182,2.0
56.2197107946229,32.0157006509174,2.0
56.2545074871248,32.0405655071199,2.0
56.267738578528,32.0515453291477,2.0
56.2726011917357,32.0522027883282,2.0
56.2740247906534,32.0522264976992,2.0
56.2558871077398,32.083816200326,2.0
56.2632693014386,32.0681910277111,2.0
56.2410190503904,32.0670977028137,2.0
56.2544863374864,32.0555511061226,2.0
56.2831775621383,32.067199195413,2.0
56.281817795256,32.0607788580442,2.0
56.2917389586309,32.0801861505121,2.0
56.28157329844,32.08715603265,2.0
56.2761606400871,32.0978586083499,2.0
56.278528058733,32.0947835728689,2.0
56.2850195686087,32.1171873288777,2.0
56.27991979701,32.11409421747,2.0
56.3153678370707,32.1368267611398,2.0
56.0008319442914,31.9727348631739,2.0
55.97767504087,32.00829852496,2.0
56.0659744113383,31.9935537815995,2.0
56.0764100428486,31.9634126433802,2.0
56.1244943104932,31.9853014161812,2.0
56.11878497334,31.99831367552,2.0
56.1308120247353,32.0036473554265,2.0
56.1306249802657,32.0040742435841,2.0
56.1217106497975,32.0210302431377,2.0
56.13467926161,32.02652479521,2.0
56.10191126241,32.02879102375,2.0
56.1205268730929,32.042036809711,2.0
56.1241769959996,32.0151669248891,2.0
56.12555356287,32.02171724018,2.0
56.071914165816,32.0042518496035,2.0
56.0107611628281,32.0263778745157,2.0
56.09400587643,32.02435705562,2.0
56.0816311885388,32.0402336109866,2.0
56.0940449610662,32.031582256282,2.0
56.0985232057793,32.0313076245285,2.0
56.09458589656,32.02840714268,2.0
56.1110822148464,32.0434404428077,2.0
56.0644802216583,32.0430881075172,2.0
56.0484083817005,32.0536576587302,2.0
56.03833742191,32.04381984544,2.0
56.0740261322466,32.0799159572743,2.0
56.0756682389579,32.0825093653392,2.0
56.1925970476107,32.0535278428315,2.0
56.1754782413259,32.0493545351194,2.0
56.1709964177072,32.0380265295641,2.0
56.1348520834143,32.0576326248626,2.0
56.1486531947702,32.0509893484639,2.0
56.12897751792,32.04559254336,2.0
56.1608241832586,32.0851292451092,2.0
56.1582195744203,32.058255281092,2.0
56.16233501466,32.0554871673064,2.0
56.1585779121936,32.0760472466474,2.0
56.208240503024,32.062630970327,2.0
56.1863201572096,32.0673671259008,2.0
56.2073907231038,32.0594477285447,2.0
56.1913191234636,32.0657727934173,2.0
56.2034986904168,32.0720451938829,2.0
56.21701390966,32.0796349125708,2.0
56.2367149853254,32.0958665173221,2.0
56.2211394270282,32.0885785659611,2.0
56.2337707268117,32.0990303292701,2.0
56.2308597789469,32.0877859046222,2.0
56.1775437042653,32.1054077814157,2.0
56.18662889928,32.09460405663,2.0
56.18935239937,32.0870524934,2.0
56.1720512813263,32.0815131460569,2.0
56.1833078507744,32.0943637467089,2.0
56.2239281735902,32.1144551398018,2.0
56.1125699676837,32.0788050912203,2.0
56.1023759105474,32.0658868231617,2.0
56.1366528634446,32.0703538150357,2.0
56.1147904975596,32.0505717214109,2.0
56.1109524422605,32.0662132476926,2.0
56.1229873551236,32.0679234523642,2.0
56.12995867451,32.09966595312,2.0
56.1486912616368,32.0813300071945,2.0
56.143513948535,32.1069747533009,2.0
56.1431261622523,32.0727556093394,2.0
56.0844746980917,32.0954988263595,2.0
56.0928542419092,32.0952176342563,2.0
56.0885592184265,32.0840293271101,2.0
56.1165660603958,32.0888084445436,2.0
56.1318898903123,32.1148500894032,2.0
56.11619015432,32.12543592823,2.0
56.1186105405435,32.1229068405017,2.0
56.1272395248831,32.1082841280659,2.0
56.1299951457431,32.106149024747,2.0
56.1136600596123,32.1215923950061,2.0
56.0986390529432,32.112926615895,2.0
56.1064684825792,32.1047458461891,2.0
56.1237711470986,32.0978307170534,2.0
56.1452940820304,32.1093674689797,2.0
56.155822389077,32.1032764636081,2.0
56.1634809917376,32.1265435695545,2.0
56.1602051672827,32.12659998872,2.0
56.171711888431,32.1075459816969,2.0
56.16634242764,32.10357758416,2.0
56.1539433088013,32.1126576207655,2.0
56.1554975654111,32.1197788182649,2.0
56.1857402127688,32.1368188641186,2.0
56.1809151126418,32.138127847707,2.0
56.1814392159182,32.1283343144533,2.0
56.1781566445145,32.1427133303111,2.0
56.1712877792605,32.1354099292785,2.0
56.1812925029145,32.1285979395122,2.0
56.135759139955,32.145135249123,2.0
56.1605747804231,32.1335202862816,2.0
56.1578172335016,32.1344978653363,2.0
56.1213174385903,32.1326129098835,2.0
56.1262379195946,32.1285214185779,2.0
56.1212772882507,32.130848082248,2.0
56.13049404778,32.12492969167,2.0
56.1418318684951,32.1158626284196,2.0
56.1364130797041,32.1437464084239,2.0
56.1459316660369,32.1269689703569,2.0
56.1473519374492,32.12673440372,2.0
56.1357085875727,32.148840186585,2.0
56.1415817550955,32.1483818427754,2.0
56.1313683748617,32.1458224273808,2.0
56.1497720856877,32.1567519107722,2.0
56.1631798605458,32.1550809150209,2.0
56.1477045731287,32.148999758034,2.0
56.164281780493,32.1689260661421,2.0
56.1755551321785,32.1505717237166,2.0
56.1750229204557,32.1499961757971,2.0
56.1632998382885,32.162478070228,2.0
56.1633489071438,32.137152880761,2.0
56.1589298289166,32.1726587613027,2.0
56.1549467177282,32.1544753309183,2.0
56.1576259019158,32.1687355939069,2.0
56.16767024178,32.15917439935,2.0
56.1540836546972,32.1428492432683,2.0
56.1612788773486,32.1450130199953,2.0
56.1558591356738,32.1502550833022,2.0
56.1611826566176,32.1491029229151,2.0
55.9834703800589,32.0370237127476,2.0
56.0150200613946,32.0425057044845,2.0
56.0151527596129,32.04307618944,2.0
55.967035232954,32.0610944169568,2.0
56.0320915201081,32.0847507111959,2.0
56.0312796626875,32.0691299899985,2.0
56.0283703359892,32.0780086279495,2.0
56.04218451588,32.06789947079,2.0
56.0687819752429,32.092444314866,2.0
56.0468870032675,32.1033750471058,2.0
55.999500914007,32.0781816367219,2.0
56.0184372865018,32.0816559399136,2.0
55.9965058408445,32.099113389501,2.0
56.0282754116889,32.1316958557444,2.0
56.0381184480984,32.1192639447855,2.0
56.0352864596832,32.1212644288834,2.0
56.0254763422302,32.1186771060219,2.0
56.02588874071,32.11849780149,2.0
55.9382441034881,32.0663115318242,2.0
55.9191762757928,32.1049237291073,2.0
55.9384388307773,32.0902213062132,2.0
55.955843679116,32.117491465734,2.0
55.9367769118494,32.1190164274156,2.0
55.9795601669949,32.1207165662748,2.0
56.0220201376265,32.1340175381199,2.0
56.0171054769736,32.1214077283087,2.0
55.9742017204953,32.125078286034,2.0
55.9492319411852,32.1294722495661,2.0
55.9802947883935,32.1314796714227,2.0
55.9731418476538,32.1241887433389,2.0
55.9556738512537,32.1231127269344,2.0
55.9716563131968,32.1457139877131,2.0
55.9531913260529,32.1259205894197,2.0
55.96299103822,32.11717865921,2.0
55.9526590802653,32.1253503267378,2.0
55.95272539554,32.12579006055,2.0
55.9917983823136,32.1630853145686,2.0
55.9812972865071,32.1589374241759,2.0
55.9841752265689,32.1433939632452,2.0
55.9849433631902,32.1664474589773,2.0
55.9956737540446,32.1662805500068,2.0
56.083394735005,32.1126693632629,2.0
56.0801602505541,32.1263230933392,2.0
56.08813616557,32.10461277339,2.0
56.0902548812304,32.1069103780221,2.0
56.0760638163272,32.1257037699754,2.0
56.0792008968432,32.1266047196999,2.0
56.11069869592,32.13904797322,2.0
56.0984379728,32.11990627968,2.0
56.1111853896386,32.1389929316842,2.0
56.0877544966392,32.1274243816678,2.0
56.0467580557161,32.1378420559966,2.0
56.0426037452124,32.1262567232689,2.0
56.084050374223,32.1490450871892,2.0
56.0648985556592,32.1560703444234,2.0
56.0684247489552,32.1653463951041,2.0
56.0758442372644,32.1664922121241,2.0
56.0796800104679,32.1586896467856,2.0
56.1073048004315,32.1516543718601,2.0
56.1252318695806,32.1469394817629,2.0
56.1365156724653,32.1543804930717,2.0
56.1305631421189,32.1580924838997,2.0
56.1248534528945,32.1609616564273,2.0
56.1249585936435,32.1558492352789,2.0
56.1283968549532,32.1655015335628,2.0
56.1450930555978,32.188341139205,2.0
56.1387658832765,32.1610033775048,2.0
56.1427613555055,32.180479952105,2.0
56.1305998033036,32.1797185344223,2.0
56.1238418590996,32.1777366673186,2.0
56.1452652427362,32.1648699453808,2.0
56.151692925,32.17473139556,2.0
56.1439735934615,32.1716347507535,2.0
56.0981909921785,32.1594256670215,2.0
56.0900450559728,32.1771329486054,2.0
56.0898067028192,32.1715202670851,2.0
56.1011887649989,32.1720883388696,2.0
56.1027792601731,32.1708547454378,2.0
56.1023918160356,32.1675211450798,2.0
56.0999334508073,32.1833495950869,2.0
56.1054301992852,32.1702175375994,2.0
56.11355281526,32.17702058221,2.0
56.09067601856,32.18731421711,2.0
56.1065458384108,32.2083189086988,2.0
56.1065983495833,32.1918186139952,2.0
56.11612563942,32.181195664,2.0
56.1183683330016,32.189577260885,2.0
56.126174789678,32.1931110454902,2.0
56.10627488312,32.1919892291,2.0
56.13358041696,32.19553370813,2.0
56.1331624767023,32.1955200822098,2.0
56.0176457337502,32.1607138610694,2.0
56.0208398914353,32.1649397311747,2.0
56.0416433132964,32.1615973186592,2.0
56.02445348989,32.15106092884,2.0
56.06230299636,32.18153231989,2.0
56.0531834293929,32.1820289134381,2.0
56.0648180014836,32.1709148056943,2.0
56.0588524899633,32.1745415103568,2.0
55.999672920632,32.1799200409332,2.0
55.9995168953916,32.1877910325187,2.0
56.0097434709836,32.1709888408808,2.0
56.02369966852,32.17912127831,2.0
56.0100298930094,32.1947685399009,2.0
56.0240061524719,32.2080017324999,2.0
56.0147038397315,32.1953241917341,2.0
56.0271372508764,32.2004179127239,2.0
56.077406202225,32.2147599510231,2.0
56.0913068955055,32.2032092575228,2.0
56.0930008844986,32.200200730444,2.0
56.0746213636569,32.2056383926446,2.0
56.0887097733683,32.1989791275833,2.0
56.0756818547245,32.1945601489597,2.0
56.0753976523868,32.181513017378,2.0
56.0593716635227,32.2012483824221,2.0
56.0786315893106,32.1926747173167,2.0
56.1035359533025,32.2300419092522,2.0
56.0886281091019,32.2103493024069,2.0
56.0871420567825,32.2103972365522,2.0
56.0906671394745,32.2087077175825,2.0
56.10587085511,32.2323324064,2.0
56.0902076470359,32.2299098305336,2.0
56.0427896145333,32.2334541958644,2.0
56.0535109889637,32.2089457967365,2.0
56.05123036706,32.20584091541,2.0
56.0540708760949,32.2209998984847,2.0
56.0758160031397,32.2396049729054,2.0
56.0659789687174,32.2419837530926,2.0
56.0809441158727,32.2361099574789,2.0
56.0955803434766,32.244552005018,2.0
56.0567095581695,32.2441025822722,2.0
55.8836091512309,32.1048204846343,2.0
55.8528764931311,32.0980945664079,2.0
55.85024797703,32.12225286125,2.0
55.8581663442863,32.11374394622,2.0
55.8990330718716,32.1109029431367,2.0
55.8980147107121,32.1288032130156,2.0
55.9359071236937,32.1382683554439,2.0
55.9155459824101,32.147412692121,2.0
55.8656256434039,32.1420997939579,2.0
55.8814582709056,32.1477425569911,2.0
55.8651957047304,32.141120212509,2.0
55.87557743934,32.14477990489,2.0
55.8954405754974,32.1527631514422,2.0
55.90625012777,32.14325083008,2.0
55.8960440634541,32.1543236186797,2.0
55.90415113277,32.16179801987,2.0
55.9059188342963,32.1565722862377,2.0
55.9376722849872,32.1466488838713,2.0
55.9412117222403,32.1497869831522,2.0
55.94852461939,32.15067657441,2.0
55.9637509089229,32.1984283456555,2.0
55.973147603508,32.1714624974932,2.0
55.9531275547893,32.1832263418344,2.0
55.9772038103116,32.1705466940966,2.0
55.9558272629719,32.1777495834894,2.0
55.9174231526447,32.193995897322,2.0
55.9435367227241,32.1849891195646,2.0
55.9511348898376,32.2069927806555,2.0
55.87577381347,32.16688719381,2.0
55.8612167109963,32.1837592515846,2.0
55.8838950219134,32.1872730947125,2.0
55.8482009860699,32.2071867239143,2.0
55.848798174005,32.1950486300282,2.0
55.8503958366048,32.1978896191338,2.0
55.90372205734,32.20994597547,2.0
55.90894089261,32.20716557051,2.0
55.9326167044127,32.2170296464322,2.0
55.9228984018426,32.2058917451536,2.0
55.9264086057625,32.2132537061851,2.0
55.915000994802,32.208025293214,2.0
55.917529702186,32.2049099032388,2.0
55.9323280149748,32.2278900936184,2.0
55.9303411220638,32.2297325135422,2.0
55.8776468912755,32.2184010465825,2.0
55.87763714402,32.2234992391,2.0
55.88852454886,32.21798771247,2.0
55.8780984581369,32.2178196251933,2.0
55.8720415312741,32.2198881118153,2.0
55.8780599673713,32.2235105461944,2.0
55.9006889341331,32.2257499875565,2.0
55.8942119262121,32.2351414727473,2.0
55.91322004883,32.24635685242,2.0
55.9718820759048,32.2004738835232,2.0
55.9886802487661,32.2160072276287,2.0
55.96670322807,32.20041543983,2.0
55.9954374327329,32.1908800396535,2.0
55.9916877425447,32.1956833799611,2.0
55.9950615310375,32.2069271900165,2.0
55.97617868658,32.19629107614,2.0
56.0222540252337,32.2197383637627,2.0
55.9988008337292,32.2341480480258,2.0
56.0108877888738,32.2375355882555,2.0
56.01198338081,32.20769447873,2.0
56.0176794676523,32.2304997389387,2.0
55.9719520360027,32.2166708132795,2.0
55.9555965188766,32.2093064532044,2.0
55.9526143536101,32.2307505643403,2.0
55.9463570652694,32.2225360079964,2.0
55.979648792934,32.2240315132504,2.0
55.9635094012756,32.2192234722986,2.0
55.9816898709901,32.2237010555829,2.0
55.9730373241367,32.2382764339356,2.0
55.9922804018767,32.2324351566198,2.0
55.9815494591577,32.2585665519329,2.0
55.996185655178,32.2392538465378,2.0
55.9838847153061,32.2341955413217,2.0
55.9923199303775,32.2423426147343,2.0
55.9897755723227,32.2469138586928,2.0
55.9860764549561,32.2544914533811,2.0
56.0249798163433,32.2589373786521,2.0
56.0345454546479,32.2605575413955,2.0
56.0347015131,32.23255963599,2.0
56.036903607716,32.2695982630495,2.0
56.0565457888463,32.2567338886412,2.0
56.056725236815,32.2650746677059,2.0
56.0554189614801,32.2720819463737,2.0
56.0471645099756,32.2662648763422,2.0
55.9980791224709,32.2653156137599,2.0
56.0178864504856,32.2638591073212,2.0
56.004338093164,32.2590432419555,2.0
55.998894844424,32.2664146749066,2.0
56.00218528693,32.2557968573,2.0
56.0150880306976,32.2773837081677,2.0
56.0405719856031,32.2869523969788,2.0
56.0273585807918,32.2889825844251,2.0
56.0125282617,32.28898126779,2.0
56.0099702707927,32.2889008688777,2.0
56.0199709880231,32.2936247501355,2.0
55.9365747294,32.24184708972,2.0
55.9291580802922,32.2514869697918,2.0
55.9450505524846,32.2524154539122,2.0
55.9372702482107,32.2420080642598,2.0
55.930663614543,32.2498122041689,2.0
55.9310111666292,32.2467704578784,2.0
55.9622429235605,32.2537212242342,2.0
55.9550653591647,32.2699891997834,2.0
55.9650244239743,32.2657153683088,2.0
55.9533959067315,32.2643063047039,2.0
55.9839523684,32.26792057395,2.0
55.9329785323559,32.2630170400258,2.0
55.912228500498,32.256136311548,2.0
55.9229615559637,32.250002816585,2.0
55.9196499339922,32.2498098404696,2.0
55.9236986413334,32.2711102409095,2.0
55.9305756288204,32.2775543301426,2.0
55.9117331847471,32.2651453557793,2.0
55.9238271679841,32.2594532172427,2.0
55.9495431492601,32.299102969457,2.0
55.9295889193447,32.2965466724374,2.0
55.9508067981016,32.2907120036528,2.0
55.9453059123624,32.282051381038,2.0
55.9547940913713,32.2935668138572,2.0
55.99401157587,32.29095623248,2.0
55.9861700350536,32.2970838847689,2.0
55.9941843115139,32.3108883274144,2.0
56.0178945074314,32.3072612812399,2.0
56.0090682614962,32.3277748529911,2.0
56.0100060120024,32.2968668448179,2.0
55.99955719505,32.31515556553,2.0
55.9496932297942,32.312825042174,2.0
55.9629411346628,32.3205262345717,2.0
55.9444149429312,32.3115703685074,2.0
55.95843503452,32.31641978198,2.0
55.98258868467,32.32885824165,2.0
55.9706067916206,32.3310979752422,2.0
55.9828452589532,32.3239964208614,2.0
55.9888839103034,32.3244237842633,2.0
55.8651558441706,32.2393755944333,2.0
55.8499381842007,32.2450622511721,2.0
55.8489646406965,32.2284408810122,2.0
55.8556424390074,32.2474070743154,2.0
55.8565112973502,32.2486448058024,2.0
55.861482642672,32.2360862664478,2.0
55.8948300412218,32.2825935195608,2.0
55.9020658846979,32.2809421530432,2.0
55.8878256305292,32.2937201929722,2.0
55.88914618968,32.27867733557,2.0
55.8923741841864,32.2735554491636,2.0
55.9350735074506,32.3127955085043,2.0
55.9219788648661,32.30437346475,2.0
55.9243034922373,32.3105382525842,2.0
55.9082229205013,32.3127679521964,2.0
55.922725457878,32.3001116467294,2.0
55.92131206464,32.30379527199,2.0
55.8933964058342,32.3122710775192,2.0
55.9015537916949,32.3184309751364,2.0
55.9480656069813,32.328825777,2.0
55.94537988751,32.32271045187,2.0
55.9446734561381,32.3286182481221,2.0
56.2406912590912,32.1228591309663,2.0
56.2490901353546,32.1132453587917,2.0
56.242305079314,32.1195403411744,2.0
56.26187625439,32.11682016293,2.0
56.2611024408221,32.1093762710426,2.0
56.2629649584431,32.1047093625718,2.0
56.2400791076948,32.1171091283478,2.0
56.27825049886,32.13220290638,2.0
56.276828328911,32.1192872183282,2.0
56.2778363673002,32.1428137146717,2.0
56.2705301199621,32.1258055533108,2.0
56.2329755302482,32.1240820093048,2.0
56.2326519108014,32.1455886776233,2.0
56.2404818567234,32.1282470059161,2.0
56.2233277525954,32.1496148790788,2.0
56.2339087223573,32.1542299106836,2.0
56.2317151626531,32.1555182450608,2.0
56.245829201988,32.1502110940611,2.0
56.24620324843,32.16968716328,2.0
56.2526082386082,32.1386185552822,2.0
56.2962761947155,32.1477615756177,2.0
56.2811952430333,32.152531209819,2.0
56.3005124376426,32.1536574757942,2.0
56.2779687708356,32.158536746656,2.0
56.30275494305,32.16312691262,2.0
56.31762046852,32.17172302993,2.0
56.3189642937645,32.1617427754061,2.0
56.32290624078,32.1762621911673,2.0
56.3005431657073,32.1748162639774,2.0
56.2717442745086,32.1651364669113,2.0
56.262685508835,32.1904116791203,2.0
56.2817703675773,32.1744203229744,2.0
56.25631250436,32.1809223460743,2.0
56.3002608403009,32.1947579155988,2.0
56.3031175715639,32.1878648017699,2.0
56.3010210103897,32.2000824398327,2.0
56.3082428076794,32.1956993953588,2.0
56.2066276232972,32.1533281472168,2.0
56.2158862411358,32.163967453413,2.0
56.1940802787271,32.1504842186039,2.0
56.2480257658644,32.1776102094074,2.0
56.2347496058696,32.1766535608511,2.0
56.22927201341,32.16846945649,2.0
56.21969246204,32.17145717888,2.0
56.2306192540256,32.1595834114002,2.0
56.172041080372,32.1736672078145,2.0
56.1823473454975,32.1751052653275,2.0
56.1773532273884,32.1673153790044,2.0
56.1793202814087,32.1708754332538,2.0
56.1983578667377,32.18209635576,2.0
56.1820836969461,32.1799770141876,2.0
56.1714959857044,32.1694683560172,2.0
56.1884033862233,32.1821389828162,2.0
56.1929633280507,32.1879396484592,2.0
56.17738954826,32.16750608768,2.0
56.2060462077256,32.2049211279921,2.0
56.2516722042875,32.2133648235732,2.0
56.2561815460641,32.2080032727994,2.0
56.2462417617216,32.1840001874361,2.0
56.2541789784739,32.2061734142536,2.0
56.2399012578004,32.2066901644908,2.0
56.28462239782,32.22678298427,2.0
56.2566190980756,32.2213201283376,2.0
56.2554460180018,32.2203328926046,2.0
56.2736528385666,32.2380304766217,2.0
56.2786283087856,32.2118421788755,2.0
56.2608319237577,32.2253469986718,2.0
56.2288913648746,32.2030654714166,2.0
56.23134635216,32.21871416281,2.0
56.2334082722329,32.2309465448641,2.0
56.2297688100257,32.2036904019294,2.0
56.23775889278,32.230087980584,2.0
56.2493187109388,32.225534449855,2.0
56.2481707488332,32.2401643882175,2.0
56.2461225434946,32.2395965932911,2.0
56.2572683765804,32.2410131863821,2.0
56.3242396094561,32.2016172203141,2.0
56.3152847664941,32.2025301730115,2.0
56.3135729002931,32.2083947351733,2.0
56.322367288939,32.2330601389849,2.0
56.3227117836135,32.2138940970961,2.0
56.3191258831179,32.2057762351356,2.0
56.3066301820113,32.2301548778637,2.0
56.3256826303585,32.2396102088801,2.0
56.2889377951357,32.2554272274542,2.0
56.2901978307452,32.2267896305279,2.0
56.2901471786043,32.2272383101879,2.0
56.2911349566465,32.2263946694076,2.0
56.3095331859592,32.2752079220109,2.0
56.30504865955,32.2576555339,2.0
56.3097625531169,32.2646669997008,2.0
56.2693761366358,32.2504465920253,2.0
56.2693511485743,32.250248256099,2.0
56.27151503439,32.27466374468,2.0
56.2901797731717,32.267595009224,2.0
56.269475983792,32.2774455472439,2.0
56.2956525395912,32.283335520408,2.0
56.2980695787303,32.2932903118874,2.0
56.159901771164,32.2165887930984,2.0
56.1671285360861,32.1928268367888,2.0
56.1557734411751,32.2067181624752,2.0
56.1583287510321,32.1936170972954,2.0
56.1573999431512,32.2050360302356,2.0
56.1738602025216,32.2006205555606,2.0
56.1726461856667,32.2193358029714,2.0
56.1872923562734,32.2270320145141,2.0
56.2033946983496,32.2227207199152,2.0
56.1699164208077,32.2185346132237,2.0
56.1873270205717,32.22675792119,2.0
56.1878929169652,32.2369924212455,2.0
56.1383886323,32.21592959097,2.0
56.1326799094864,32.2122645006871,2.0
56.1671876432768,32.2410904987876,2.0
56.16737066963,32.23740867899,2.0
56.15366315016,32.24340099829,2.0
56.16180867317,32.24655315807,2.0
56.1495189359828,32.2511611509861,2.0
56.1495424349375,32.2506469207986,2.0
56.2020626700984,32.257753561931,2.0
56.2133516817785,32.2512098395112,2.0
56.2303444306558,32.2505597973252,2.0
56.20805381228,32.26736264411,2.0
56.2123038136161,32.2692957757517,2.0
56.166031845832,32.2661073158615,2.0
56.17641817387,32.25362016383,2.0
56.1792487601551,32.266566173394,2.0
56.2065574527632,32.2792999233213,2.0
56.2161768417611,32.2764787749544,2.0
56.19831083058,32.28728771028,2.0
56.2054124727749,32.2963745035155,2.0
56.21212295885,32.27480308529,2.0
56.22467791211,32.29016573262,2.0
56.2110145128767,32.2886181297035,2.0
56.1266580082512,32.2494681424774,2.0
56.1153263104995,32.2320082883755,2.0
56.1135236899343,32.2391580266253,2.0
56.1139083519107,32.2337246399644,2.0
56.1299638279286,32.2464045686719,2.0
56.1495249094935,32.264825647785,2.0
56.1445884371166,32.2651087058605,2.0
56.13843626342,32.25803910987,2.0
56.1326516624583,32.2628904688593,2.0
56.14454122825,32.26665993302,2.0
56.1377316590281,32.2499473775294,2.0
56.1421962052076,32.2766035211539,2.0
56.145754132761,32.258645722526,2.0
56.1081071384351,32.2751733791479,2.0
56.0898206195534,32.2527169628892,2.0
56.1171856290257,32.2667375123424,2.0
56.08361977854,32.27088093074,2.0
56.0853479198617,32.2623749327477,2.0
56.1070870290609,32.2636832708764,2.0
56.107983862576,32.2929245634123,2.0
56.1155203228574,32.2892197110818,2.0
56.0988661636758,32.2878407771963,2.0
56.1703760257008,32.2886296444818,2.0
56.1658712589931,32.3011481803034,2.0
56.1802381492807,32.3143936249766,2.0
56.180351723548,32.2991746688634,2.0
56.1839329983825,32.3243987063226,2.0
56.203436979692,32.3129078834414,2.0
56.189782287178,32.3055165247388,2.0
56.1971173980099,32.3106746019217,2.0
56.189790670563,32.3121928137988,2.0
56.1744501532941,32.299064113408,2.0
56.1296839733274,32.3134626046127,2.0
56.1405271481339,32.3073856541346,2.0
56.1516415760324,32.3186494168135,2.0
56.1336595161847,32.3043155986655,2.0
56.1546918363988,32.3127137878373,2.0
56.16160132437,32.3182129402664,2.0
56.1654298863888,32.324662042946,2.0
56.1432574651202,32.3324696211806,2.0
56.1531260276674,32.3399553445597,2.0
56.1583127862907,32.3345682522878,2.0
56.163269580009,32.3358142737386,2.0
56.1665800408926,32.3469905656026,2.0
56.23641840989,32.28430727057,2.0
56.2466746717369,32.2922095030974,2.0
56.2584908793707,32.3100226789312,2.0
56.2723791435376,32.3007928073277,2.0
56.2713234172833,32.3011581020455,2.0
56.23333489815,32.31617159349,2.0
56.23074370976,32.29295277054,2.0
56.2220400400326,32.3167043371799,2.0
56.2210879241762,32.3129453651969,2.0
56.2271592968438,32.301948557323,2.0
56.25805908653,32.32811115358,2.0
56.2485518798755,32.3254703852966,2.0
56.21451408423,32.33164251641,2.0
56.1987772397829,32.3199402973726,2.0
56.2161349709535,32.3523805973359,2.0
56.1949486486731,32.3562911708158,2.0
56.18283452767,32.34467263846,2.0
56.1909107721901,32.3550303392344,2.0
56.0911126509888,32.2909126647644,2.0
56.06955844518,32.27269798663,2.0
56.07368860205,32.27582446846,2.0
56.0775307969039,32.3056459656694,2.0
56.07987138494,32.28847707045,2.0
56.079716476089,32.2882474350319,2.0
56.070336863181,32.3048136740449,2.0
56.0949101974567,32.3208450479919,2.0
56.1016209149452,32.31326989631,2.0
56.0943859680785,32.3223728752868,2.0
56.0661293325306,32.3109928559196,2.0
56.0497797959685,32.3114787018608,2.0
56.0479755224,32.30262899203,2.0
56.066398806164,32.3036324001198,2.0
56.0476681572178,32.3278277869459,2.0
56.04869056919,32.30670621555,2.0
56.0683112725927,32.3245848685048,2.0
56.0727626574426,32.3451823989465,2.0
56.0634407248322,32.328378732133,2.0
56.0762461266256,32.3163345255454,2.0
56.1254717770252,32.3420070745019,2.0
56.1308499553726,32.3402149621925,2.0
56.1133914396677,32.3413186389157,2.0
56.1341222432914,32.3267810067496,2.0
56.13751653855,32.33448050993,2.0
56.1245453892875,32.3224988104993,2.0
56.1249260276879,32.3229897565364,2.0
56.11959536642,32.32172523827,2.0
56.0869571081365,32.345534952266,2.0
56.1099506366847,32.3508827866167,2.0
56.1008190136795,32.341383415871,2.0
56.0226590264606,32.3317833429536,2.0
56.0208745889158,32.334300881715,2.0
56.0232808331878,32.3252707438208,2.0
